1	0	1	0	-2
1	1	2	1	-1
1	2	1	0	-2
1	3	1	0	-2
1	4	2	1	-1
1	5	2	2	-1
1	6	1	0	-2
1	7	4	0	-2
1	8	4	0	-2
1	9	1	0	-2
1	10	2	0	-2
1	11	2	0	-2
1	12	2	0	-2
1	13	3	0	-2
1	14	1	0	-2
1	15	2	0	-2
1	16	2	0	-2
1	17	0	0	-2
1	18	0	0	-2
1	19	2	1	-1
1	20	2	1	-1
1	21	3	1	-1
1	22	0	0	-2
1	23	1	1	-1
1	24	1	1	-1
1	25	1	0	-2
1	26	3	0	-2
1	27	1	1	19
1	28	2	0	-2
1	29	2	0	-2
1	30	3	0	-2
1	31	1	0	-2
1	32	3	1	-1
1	33	2	0	-2
1	34	1	0	-2
1	35	1	1	19
1	36	1	0	-2
1	37	3	1	-1
1	38	2	0	-2
1	39	3	1	-1
1	40	3	0	-2
1	41	1	1	19
1	42	3	0	-2
1	43	1	0	-2
1	44	1	0	-2
1	45	3	1	-1
1	46	0	1	-1
1	47	1	0	-2
1	48	1	1	19
1	49	2	1	-1
1	50	2	1	-1
1	51	2	1	-1
1	52	2	0	-2
1	53	1	0	-2
1	54	2	2	-1
1	55	1	1	19
1	56	1	0	-2
1	57	1	0	-2
1	58	3	1	-1
1	59	1	0	-2
1	60	1	0	-2
1	61	1	0	-2
1	62	1	0	-2
1	63	1	1	-1
1	64	0	0	-2
1	65	2	0	-2
1	66	2	0	-2
1	67	1	0	-2
1	68	3	0	-2
1	69	2	0	-2
1	70	2	1	-1
1	71	2	0	-2
1	72	3	0	-2
1	73	2	1	-1
1	74	1	0	-2
1	75	2	1	-1
1	76	1	0	-2
1	77	1	0	-2
1	78	0	1	-1
1	79	2	0	-2
1	80	2	0	-2
1	81	4	0	-2
1	82	2	0	-2
1	83	4	0	-2
1	84	3	0	-2
1	85	3	0	-2
1	86	1	1	19
1	87	4	0	-2
1	88	1	0	-2
1	89	1	1	-1
1	90	0	0	-2
1	91	2	0	-2
1	92	2	0	-2
1	93	1	0	-2
1	94	0	0	-2
1	95	3	0	-2
1	96	1	0	-2
1	97	2	0	-2
1	98	1	0	-2
1	99	2	0	-2
1	100	2	1	-1
1	101	1	1	19
1	102	0	0	-2
1	103	1	0	-2
1	104	4	0	-2
1	105	2	0	-2
1	106	2	0	-2
1	107	0	0	-2
1	108	1	0	-2
1	109	2	0	-2
1	110	3	0	-2
1	111	3	0	-2
1	112	1	1	19
1	113	2	0	-2
1	114	0	1	-1
1	115	2	0	-2
1	116	0	0	-2
1	117	2	1	-1
1	118	1	1	19
1	119	4	0	-2
1	120	1	0	-2
1	121	4	0	-2
1	122	4	0	-2
1	123	0	0	-2
1	124	4	0	-2
2	0	1	0	-3
2	1	2	1	-2
2	2	1	0	-3
2	3	1	0	-3
2	4	2	1	19
2	5	2	2	19
2	6	1	0	-3
2	7	4	0	-3
2	8	4	0	-3
2	9	1	0	-3
2	10	2	0	-3
2	11	2	0	-3
2	12	2	0	-3
2	13	3	0	-3
2	14	1	0	-3
2	15	2	0	-3
2	16	2	0	-3
2	17	0	0	-3
2	18	0	0	-3
2	19	2	1	-2
2	20	2	1	-2
2	21	3	1	-2
2	22	0	0	-3
2	23	1	1	-2
2	24	1	1	-2
2	25	1	0	-3
2	26	3	0	-3
2	27	1	1	18
2	28	2	0	-3
2	29	2	0	-3
2	30	3	0	-3
2	31	1	0	-3
2	32	3	1	-2
2	33	2	0	-3
2	34	1	0	-3
2	35	1	1	18
2	36	1	0	-3
2	37	3	0	-2
2	38	2	0	-3
2	39	3	1	-2
2	40	2	1	-2
2	41	2	0	18
2	42	3	0	-3
2	43	1	0	-3
2	44	1	0	-3
2	45	3	1	-2
2	46	0	1	-2
2	47	1	0	-3
2	48	1	1	18
2	49	1	2	-2
2	50	3	0	-2
2	51	2	1	19
2	52	2	0	-3
2	53	1	0	-3
2	54	2	2	-2
2	55	1	1	18
2	56	1	0	-3
2	57	1	0	-3
2	58	3	0	-2
2	59	1	0	-3
2	60	1	0	-3
2	61	1	0	-3
2	62	1	0	-3
2	63	2	0	-2
2	64	0	0	-3
2	65	2	0	-3
2	66	2	0	-3
2	67	1	0	-3
2	68	3	0	-3
2	69	2	0	-3
2	70	2	1	-2
2	71	2	0	-3
2	72	3	0	19
2	73	2	1	-2
2	74	1	0	-3
2	75	2	1	19
2	76	1	0	-3
2	77	1	0	-3
2	78	1	0	-2
2	79	2	0	-3
2	80	2	0	-3
2	81	4	0	-3
2	82	1	1	-2
2	83	4	0	-3
2	84	3	0	-3
2	85	2	1	-2
2	86	1	1	18
2	87	4	0	-3
2	88	1	0	-3
2	89	1	1	-2
2	90	0	0	-3
2	91	2	0	-3
2	92	2	0	-3
2	93	1	0	-3
2	94	0	0	-3
2	95	3	0	-3
2	96	1	0	-3
2	97	2	0	-3
2	98	1	0	-3
2	99	2	0	-3
2	100	2	1	-2
2	101	1	1	18
2	102	0	0	-3
2	103	1	0	-3
2	104	4	0	-3
2	105	2	0	-3
2	106	2	0	-3
2	107	0	0	-3
2	108	1	0	-3
2	109	2	0	-3
2	110	3	0	-3
2	111	3	0	-3
2	112	1	1	18
2	113	2	0	-3
2	114	0	1	-2
2	115	2	0	-3
2	116	0	0	-3
2	117	2	1	-2
2	118	1	1	18
2	119	4	0	-3
2	120	1	0	-3
2	121	4	0	-3
2	122	4	0	-3
2	123	0	0	-3
2	124	4	0	-3
3	0	1	0	-4
3	1	2	1	-3
3	2	0	1	19
3	3	1	0	-4
3	4	2	1	18
3	5	2	1	18
3	6	1	0	-4
3	7	4	2	-3
3	8	4	0	-4
3	9	1	0	-4
3	10	1	1	-3
3	11	2	0	-4
3	12	2	0	-4
3	13	3	0	-4
3	14	1	0	-4
3	15	2	0	-4
3	16	1	1	-3
3	17	0	0	-4
3	18	0	0	-4
3	19	3	0	-3
3	20	2	1	-3
3	21	3	1	-3
3	22	0	0	-4
3	23	2	0	-3
3	24	1	1	-3
3	25	1	0	-4
3	26	2	1	-3
3	27	1	1	17
3	28	2	0	-4
3	29	2	0	-4
3	30	3	0	-4
3	31	1	0	-4
3	32	3	1	-3
3	33	2	0	-4
3	34	0	1	-3
3	35	1	1	17
3	36	1	0	-4
3	37	3	0	-3
3	38	1	1	-3
3	39	3	1	-3
3	40	2	1	-3
3	41	2	0	17
3	42	3	0	-4
3	43	1	1	-3
3	44	1	1	-3
3	45	3	1	-3
3	46	1	0	-3
3	47	1	0	-4
3	48	1	1	17
3	49	2	1	-3
3	50	3	0	-3
3	51	2	1	18
3	52	2	1	19
3	53	1	0	19
3	54	3	1	-3
3	55	1	1	17
3	56	0	1	-3
3	57	1	0	-4
3	58	3	0	-3
3	59	0	1	-3
3	60	1	0	-4
3	61	1	0	-4
3	62	0	1	-3
3	63	2	0	-3
3	64	0	0	-4
3	65	2	0	-4
3	66	2	0	-4
3	67	1	0	-4
3	68	3	0	-4
3	69	2	0	-4
3	70	2	1	-3
3	71	2	0	-4
3	72	3	0	18
3	73	3	1	-3
3	74	1	0	-4
3	75	2	1	18
3	76	1	0	-4
3	77	1	0	-4
3	78	1	0	-3
3	79	2	0	-4
3	80	2	0	-4
3	81	4	0	-4
3	82	1	1	19
3	83	3	1	-3
3	84	3	0	-4
3	85	2	1	19
3	86	1	1	17
3	87	3	1	-3
3	88	1	0	-4
3	89	1	0	-3
3	90	0	0	-4
3	91	1	1	-3
3	92	2	0	-4
3	93	1	0	-4
3	94	0	0	-4
3	95	3	0	-4
3	96	1	0	-4
3	97	1	2	19
3	98	1	0	-4
3	99	2	0	-4
3	100	2	1	-3
3	101	1	1	17
3	102	0	0	-4
3	103	1	0	-4
3	104	4	0	-4
3	105	2	0	-4
3	106	2	0	-4
3	107	0	0	-4
3	108	1	0	19
3	109	2	0	-4
3	110	2	1	-3
3	111	3	0	-4
3	112	1	1	17
3	113	2	0	-4
3	114	1	0	-3
3	115	2	0	-4
3	116	0	0	-4
3	117	1	2	-3
3	118	1	2	17
3	119	4	0	-4
3	120	1	0	-4
3	121	2	3	19
3	122	3	1	-3
3	123	0	0	-4
3	124	5	0	-4
4	0	1	0	-5
4	1	2	1	19
4	2	0	2	18
4	3	1	0	-5
4	4	2	1	17
4	5	2	1	17
4	6	1	1	-4
4	7	4	2	-4
4	8	4	0	-5
4	9	1	0	-5
4	10	1	0	-4
4	11	1	1	-4
4	12	2	0	-5
4	13	3	0	-5
4	14	1	0	-5
4	15	2	0	-5
4	16	1	2	-4
4	17	0	0	-5
4	18	0	0	-5
4	19	3	0	-4
4	20	2	1	-4
4	21	3	1	-4
4	22	0	0	-5
4	23	2	0	-4
4	24	1	2	19
4	25	1	0	-5
4	26	2	1	19
4	27	2	0	16
4	28	2	0	-5
4	29	2	0	-5
4	30	3	0	-5
4	31	1	0	-5
4	32	3	1	-4
4	33	2	0	-5
4	34	0	0	-4
4	35	1	1	16
4	36	1	0	-5
4	37	2	1	-4
4	38	1	1	-4
4	39	3	1	19
4	40	2	1	-4
4	41	2	0	16
4	42	3	0	-5
4	43	1	1	-4
4	44	1	2	19
4	45	3	1	-4
4	46	1	0	-4
4	47	1	1	19
4	48	1	1	16
4	49	2	0	-4
4	50	3	0	-4
4	51	2	1	17
4	52	1	2	18
4	53	1	0	18
4	54	3	1	-3
4	55	1	1	16
4	56	0	0	-4
4	57	1	0	-5
4	58	3	0	-4
4	59	0	1	-4
4	60	1	0	-5
4	61	1	0	-5
4	62	0	0	-4
4	63	2	0	-4
4	64	0	0	-5
4	65	2	0	-5
4	66	2	0	-5
4	67	1	0	-5
4	68	3	0	-5
4	69	2	0	-5
4	70	3	0	-4
4	71	2	0	-5
4	72	3	0	17
4	73	3	1	-4
4	74	1	0	-5
4	75	2	1	17
4	76	1	0	-5
4	77	1	0	-5
4	78	1	0	-4
4	79	2	0	-5
4	80	2	0	-5
4	81	4	0	-5
4	82	1	0	18
4	83	3	1	-4
4	84	3	0	-5
4	85	2	1	18
4	86	1	1	16
4	87	3	1	-4
4	88	1	0	-5
4	89	1	0	-4
4	90	0	0	-5
4	91	1	1	-4
4	92	2	0	-5
4	93	1	1	-4
4	94	0	0	-5
4	95	2	1	-4
4	96	1	0	-5
4	97	1	2	18
4	98	1	1	-4
4	99	2	0	-5
4	100	2	1	-4
4	101	1	1	16
4	102	0	0	-5
4	103	0	3	19
4	104	4	0	-5
4	105	2	0	-5
4	106	2	0	-5
4	107	0	0	-5
4	108	1	0	18
4	109	2	2	-4
4	110	2	1	19
4	111	3	0	-5
4	112	1	1	16
4	113	2	0	-5
4	114	1	0	-4
4	115	2	0	-5
4	116	0	0	-5
4	117	1	1	-4
4	118	1	2	17
4	119	4	0	-5
4	120	1	0	-5
4	121	2	3	19
4	122	3	0	-4
4	123	0	0	-5
4	124	4	1	-4
5	0	1	0	-6
5	1	2	1	18
5	2	0	1	17
5	3	1	0	-6
5	4	2	1	16
5	5	2	1	16
5	6	1	2	19
5	7	5	1	-5
5	8	4	0	-6
5	9	1	0	-6
5	10	1	0	-5
5	11	1	0	-5
5	12	2	0	-6
5	13	3	0	-6
5	14	1	0	-6
5	15	2	0	-6
5	16	2	0	-5
5	17	0	0	-6
5	18	0	0	-6
5	19	3	0	-5
5	20	3	0	-5
5	21	2	2	-4
5	22	0	0	-6
5	23	2	0	-5
5	24	1	2	18
5	25	1	0	-6
5	26	2	1	18
5	27	2	0	15
5	28	1	1	-5
5	29	2	0	-6
5	30	3	0	-6
5	31	1	0	-6
5	32	3	1	-5
5	33	2	0	-6
5	34	0	0	-5
5	35	1	1	15
5	36	1	0	-6
5	37	1	1	-5
5	38	0	1	-5
5	39	3	1	18
5	40	2	1	-5
5	41	2	0	15
5	42	1	2	-5
5	43	1	1	19
5	44	2	1	18
5	45	3	0	-5
5	46	1	0	-5
5	47	1	1	18
5	48	1	0	15
5	49	2	0	-5
5	50	2	1	-5
5	51	2	1	16
5	52	1	2	17
5	53	1	0	17
5	54	3	1	-4
5	55	1	1	15
5	56	0	0	-5
5	57	1	0	-6
5	58	2	1	19
5	59	0	0	-5
5	60	1	0	-6
5	61	1	0	-6
5	62	0	0	-5
5	63	1	1	-5
5	64	0	0	-6
5	65	2	0	-6
5	66	1	1	-5
5	67	1	0	-6
5	68	3	0	-6
5	69	2	0	-6
5	70	3	0	-5
5	71	1	1	-5
5	72	3	0	16
5	73	2	1	-5
5	74	1	0	-6
5	75	2	1	16
5	76	0	1	-5
5	77	1	0	-6
5	78	1	0	-5
5	79	2	0	-6
5	80	2	0	-6
5	81	4	0	-6
5	82	1	0	17
5	83	3	1	-5
5	84	3	0	-6
5	85	2	1	17
5	86	1	1	15
5	87	3	0	-5
5	88	1	0	-6
5	89	1	0	-5
5	90	0	0	-6
5	91	1	1	-5
5	92	2	0	-6
5	93	2	0	-5
5	94	0	0	-6
5	95	2	0	-5
5	96	1	0	-6
5	97	1	1	17
5	98	1	1	-5
5	99	2	0	-6
5	100	2	0	-5
5	101	1	1	15
5	102	0	0	-6
5	103	1	2	18
5	104	3	1	-5
5	105	2	0	-6
5	106	2	0	-6
5	107	0	0	-6
5	108	1	0	17
5	109	2	2	-5
5	110	2	1	18
5	111	3	0	-6
5	112	1	1	15
5	113	1	1	19
5	114	1	0	-5
5	115	2	0	-6
5	116	0	1	-5
5	117	1	1	-5
5	118	2	1	16
5	119	4	0	-6
5	120	1	0	-6
5	121	2	3	18
5	122	3	0	19
5	123	0	0	-6
5	124	2	2	19
6	0	1	0	-7
6	1	2	1	17
6	2	0	1	16
6	3	1	0	-7
6	4	2	1	15
6	5	2	1	15
6	6	2	1	18
6	7	6	0	-6
6	8	4	0	-7
6	9	1	0	-7
6	10	1	0	-6
6	11	1	1	-6
6	12	2	0	-7
6	13	2	1	-6
6	14	1	0	-7
6	15	2	0	-7
6	16	2	0	-6
6	17	0	0	-7
6	18	0	0	-7
6	19	3	0	-6
6	20	3	0	-6
6	21	3	0	-5
6	22	0	0	-7
6	23	1	2	19
6	24	2	1	17
6	25	1	0	-7
6	26	2	1	17
6	27	2	0	14
6	28	1	1	-6
6	29	1	1	-6
6	30	3	0	-7
6	31	1	1	-6
6	32	3	1	19
6	33	2	0	-7
6	34	0	0	-6
6	35	1	1	14
6	36	1	0	-7
6	37	1	0	-6
6	38	0	1	-6
6	39	3	1	17
6	40	2	1	-6
6	41	2	0	14
6	42	1	1	19
6	43	1	1	18
6	44	2	2	17
6	45	3	0	-6
6	46	1	0	-6
6	47	2	0	17
6	48	1	0	14
6	49	2	0	-6
6	50	2	1	-6
6	51	2	1	15
6	52	1	2	17
6	53	1	0	16
6	54	3	0	-5
6	55	1	1	14
6	56	0	0	-6
6	57	1	0	-7
6	58	2	1	18
6	59	0	1	-6
6	60	1	0	-7
6	61	1	0	-7
6	62	0	0	-6
6	63	1	1	-6
6	64	0	0	-7
6	65	2	1	-6
6	66	1	0	-6
6	67	1	0	-7
6	68	3	0	-7
6	69	2	0	-7
6	70	3	0	-6
6	71	1	1	-6
6	72	3	0	15
6	73	4	0	-6
6	74	1	0	-7
6	75	2	1	15
6	76	0	1	-6
6	77	1	0	-7
6	78	1	0	-6
6	79	2	0	-7
6	80	2	0	-7
6	81	4	0	-7
6	82	1	0	16
6	83	3	1	-6
6	84	3	0	-7
6	85	2	1	16
6	86	1	1	14
6	87	3	0	-6
6	88	1	1	19
6	89	1	0	-6
6	90	0	0	-7
6	91	2	1	-6
6	92	2	0	-7
6	93	2	0	-6
6	94	0	0	-7
6	95	2	0	-6
6	96	1	0	-7
6	97	1	1	17
6	98	2	0	-6
6	99	2	0	-7
6	100	2	0	-6
6	101	1	1	14
6	102	0	0	-7
6	103	1	2	18
6	104	3	0	-6
6	105	1	1	-6
6	106	2	0	-7
6	107	0	0	-7
6	108	1	0	16
6	109	2	2	19
6	110	2	1	17
6	111	3	0	-7
6	112	1	2	15
6	113	1	1	18
6	114	1	0	-6
6	115	2	0	-7
6	116	0	1	19
6	117	1	1	-5
6	118	2	1	15
6	119	4	0	-7
6	120	1	0	-7
6	121	4	1	17
6	122	3	0	18
6	123	0	0	-7
6	124	3	1	18
7	0	1	0	-8
7	1	2	1	16
7	2	0	1	15
7	3	1	0	-8
7	4	2	2	15
7	5	2	1	15
7	6	2	1	17
7	7	6	0	-7
7	8	4	0	-8
7	9	1	0	-8
7	10	1	0	-7
7	11	2	0	-7
7	12	2	0	-8
7	13	2	0	-7
7	14	1	0	-8
7	15	2	0	-8
7	16	2	0	-7
7	17	0	0	-8
7	18	0	0	-8
7	19	3	0	-7
7	20	3	0	-7
7	21	2	1	-6
7	22	0	0	-8
7	23	1	2	18
7	24	2	1	17
7	25	1	0	-8
7	26	2	1	16
7	27	2	0	13
7	28	2	0	-7
7	29	1	0	-7
7	30	2	1	-7
7	31	2	0	-7
7	32	3	1	18
7	33	2	0	-8
7	34	0	0	-7
7	35	1	1	14
7	36	0	1	19
7	37	1	0	-7
7	38	0	0	-7
7	39	3	1	16
7	40	2	1	-7
7	41	2	0	13
7	42	1	1	18
7	43	1	1	17
7	44	2	2	17
7	45	3	0	-7
7	46	1	0	-7
7	47	2	0	16
7	48	1	0	13
7	49	2	0	-7
7	50	2	1	-7
7	51	2	1	14
7	52	1	3	16
7	53	1	0	15
7	54	3	0	-6
7	55	1	1	14
7	56	0	0	-7
7	57	1	0	-8
7	58	2	1	17
7	59	0	3	19
7	60	1	0	-8
7	61	1	0	-8
7	62	0	1	-7
7	63	1	0	-7
7	64	0	0	-8
7	65	3	0	-7
7	66	1	0	-7
7	67	1	0	-8
7	68	3	0	-8
7	69	2	0	-8
7	70	3	0	-7
7	71	1	0	-7
7	72	3	0	14
7	73	4	0	-7
7	74	1	0	-8
7	75	2	1	14
7	76	1	0	-7
7	77	0	1	19
7	78	1	0	-7
7	79	2	0	-8
7	80	2	0	-8
7	81	4	0	-8
7	82	1	0	15
7	83	3	1	-7
7	84	2	1	-7
7	85	2	1	15
7	86	1	1	14
7	87	3	0	-7
7	88	1	1	18
7	89	1	0	-7
7	90	0	0	-8
7	91	3	0	-7
7	92	2	0	-8
7	93	2	0	-7
7	94	0	0	-8
7	95	2	0	-7
7	96	0	2	19
7	97	1	1	16
7	98	2	0	-7
7	99	2	0	-8
7	100	2	0	-7
7	101	1	1	14
7	102	0	0	-8
7	103	1	2	17
7	104	3	0	-7
7	105	1	1	-7
7	106	2	0	-8
7	107	0	0	-8
7	108	1	0	15
7	109	2	2	18
7	110	2	1	16
7	111	3	0	-8
7	112	1	2	14
7	113	1	0	17
7	114	1	0	-7
7	115	2	0	-8
7	116	0	1	18
7	117	1	1	-6
7	118	1	2	14
7	119	4	0	-8
7	120	1	0	-8
7	121	4	1	16
7	122	3	0	17
7	123	0	0	-8
7	124	2	2	17
8	0	1	2	19
8	1	2	2	15
8	2	0	1	15
8	3	1	0	-9
8	4	2	2	14
8	5	1	2	14
8	6	2	1	16
8	7	5	1	-8
8	8	3	1	-8
8	9	0	1	-8
8	10	0	1	-8
8	11	2	0	-8
8	12	2	0	-9
8	13	2	0	-8
8	14	0	2	19
8	15	2	1	-8
8	16	2	0	-8
8	17	0	0	-9
8	18	0	0	-9
8	19	3	0	-8
8	20	3	1	-8
8	21	2	1	-7
8	22	0	0	-9
8	23	1	2	18
8	24	2	1	16
8	25	0	1	-8
8	26	2	1	15
8	27	2	1	12
8	28	2	0	-8
8	29	1	0	-8
8	30	0	5	19
8	31	1	1	-8
8	32	3	1	17
8	33	2	0	-9
8	34	0	0	-8
8	35	1	1	13
8	36	0	1	18
8	37	1	0	-8
8	38	0	0	-8
8	39	3	1	15
8	40	3	0	-8
8	41	2	0	12
8	42	1	0	17
8	43	1	1	16
8	44	2	2	16
8	45	3	0	-8
8	46	1	0	-8
8	47	1	1	15
8	48	1	0	12
8	49	2	0	-8
8	50	2	0	-8
8	51	2	1	14
8	52	1	3	16
8	53	1	0	14
8	54	2	1	-7
8	55	1	1	13
8	56	0	0	-8
8	57	1	0	-9
8	58	1	2	16
8	59	0	3	19
8	60	0	1	-8
8	61	1	0	-9
8	62	0	1	-8
8	63	1	0	-8
8	64	0	0	-9
8	65	3	0	-8
8	66	1	0	-8
8	67	1	0	-9
8	68	3	0	-9
8	69	2	0	-9
8	70	2	1	-8
8	71	1	0	-8
8	72	3	0	13
8	73	4	0	-8
8	74	1	0	-9
8	75	2	1	14
8	76	1	0	-8
8	77	0	1	18
8	78	1	0	-8
8	79	2	0	-9
8	80	2	0	-9
8	81	3	1	-8
8	82	1	0	14
8	83	3	1	-8
8	84	1	1	19
8	85	3	0	14
8	86	1	1	13
8	87	3	0	-8
8	88	1	1	17
8	89	1	0	-8
8	90	0	0	-9
8	91	3	0	-8
8	92	2	0	-9
8	93	2	0	-8
8	94	0	0	-9
8	95	2	0	-8
8	96	0	2	18
8	97	1	1	15
8	98	2	0	-8
8	99	2	0	-9
8	100	2	0	-8
8	101	1	1	13
8	102	0	0	-9
8	103	1	2	16
8	104	2	1	-8
8	105	1	1	-8
8	106	2	0	-9
8	107	0	1	-8
8	108	1	0	14
8	109	1	3	18
8	110	2	1	15
8	111	3	0	-9
8	112	1	2	13
8	113	1	0	16
8	114	1	1	-8
8	115	2	0	-9
8	116	0	1	17
8	117	1	2	19
8	118	1	1	13
8	119	3	1	-8
8	120	1	0	-9
8	121	4	1	15
8	122	1	2	16
8	123	0	0	-9
8	124	2	2	17
9	0	2	1	18
9	1	2	2	15
9	2	0	1	14
9	3	1	0	-10
9	4	2	2	13
9	5	1	2	13
9	6	2	1	15
9	7	4	1	-8
9	8	3	1	-9
9	9	0	1	-9
9	10	0	1	-9
9	11	2	0	-9
9	12	2	0	-10
9	13	2	0	-9
9	14	1	1	18
9	15	2	1	-9
9	16	2	0	-9
9	17	0	1	-9
9	18	0	1	-9
9	19	3	0	-9
9	20	2	1	-8
9	21	2	0	-8
9	22	0	0	-10
9	23	2	1	17
9	24	2	1	15
9	25	0	1	-9
9	26	2	1	14
9	27	2	1	11
9	28	2	0	-9
9	29	1	0	-9
9	30	1	2	19
9	31	1	1	19
9	32	3	1	16
9	33	2	0	-10
9	34	0	0	-9
9	35	1	1	12
9	36	0	1	17
9	37	1	0	-9
9	38	0	0	-9
9	39	2	2	15
9	40	2	1	-8
9	41	2	0	11
9	42	1	0	16
9	43	1	1	15
9	44	2	2	15
9	45	2	1	-9
9	46	1	0	-9
9	47	1	1	14
9	48	1	0	11
9	49	2	0	-9
9	50	2	0	-9
9	51	2	1	13
9	52	1	3	15
9	53	1	0	13
9	54	2	0	-8
9	55	1	1	12
9	56	0	0	-9
9	57	1	1	-9
9	58	1	2	16
9	59	0	3	18
9	60	0	1	-9
9	61	1	0	-10
9	62	0	1	-9
9	63	1	0	-9
9	64	0	0	-10
9	65	3	0	-9
9	66	1	0	-9
9	67	1	0	-10
9	68	2	1	-9
9	69	2	0	-10
9	70	1	1	-9
9	71	1	0	-9
9	72	3	0	12
9	73	3	0	-9
9	74	0	1	-9
9	75	2	1	13
9	76	1	0	-9
9	77	0	1	17
9	78	1	0	-9
9	79	2	0	-10
9	80	2	0	-10
9	81	1	3	19
9	82	1	0	13
9	83	2	1	-8
9	84	1	0	18
9	85	2	0	13
9	86	1	1	12
9	87	3	0	-9
9	88	1	1	16
9	89	0	1	-9
9	90	0	1	19
9	91	3	0	-9
9	92	2	0	-10
9	93	2	0	-9
9	94	0	0	-10
9	95	1	1	-9
9	96	0	2	18
9	97	1	1	14
9	98	2	0	-9
9	99	2	0	-10
9	100	2	0	-9
9	101	1	1	12
9	102	0	0	-10
9	103	1	2	16
9	104	2	1	-9
9	105	1	1	-9
9	106	2	0	-10
9	107	0	1	-9
9	108	1	0	13
9	109	1	3	17
9	110	2	1	14
9	111	3	0	-10
9	112	1	2	13
9	113	1	0	15
9	114	1	2	-9
9	115	2	0	-10
9	116	0	1	16
9	117	2	1	18
9	118	1	1	13
9	119	3	1	-9
9	120	1	0	-10
9	121	4	1	15
9	122	1	2	15
9	123	0	0	-10
9	124	2	2	16
10	0	2	2	17
10	1	2	2	14
10	2	0	1	13
10	3	0	1	-10
10	4	2	2	13
10	5	1	2	13
10	6	2	1	15
10	7	4	1	-9
10	8	3	1	-10
10	9	0	0	-10
10	10	0	0	-10
10	11	2	0	19
10	12	2	0	-11
10	13	2	0	-10
10	14	1	1	17
10	15	2	1	-10
10	16	2	0	-10
10	17	0	1	-10
10	18	0	1	-10
10	19	3	0	-10
10	20	2	1	19
10	21	2	0	-9
10	22	0	0	-11
10	23	2	1	16
10	24	2	1	14
10	25	0	1	-10
10	26	2	1	14
10	27	2	1	10
10	28	2	0	-10
10	29	1	0	-10
10	30	1	2	18
10	31	1	1	18
10	32	3	1	15
10	33	2	1	-10
10	34	0	0	-10
10	35	1	1	11
10	36	0	1	16
10	37	1	0	-10
10	38	0	0	-10
10	39	2	2	14
10	40	2	0	-9
10	41	2	0	10
10	42	0	2	15
10	43	1	1	14
10	44	2	2	15
10	45	2	1	-9
10	46	1	0	-10
10	47	1	1	13
10	48	1	0	10
10	49	2	0	-10
10	50	2	0	-10
10	51	2	1	12
10	52	1	3	15
10	53	1	0	12
10	54	2	0	-9
10	55	1	1	11
10	56	0	0	-10
10	57	1	1	-10
10	58	1	2	15
10	59	0	3	18
10	60	0	0	-10
10	61	0	0	-11
10	62	1	0	-10
10	63	1	1	-10
10	64	0	0	-11
10	65	3	0	-10
10	66	1	0	-10
10	67	1	0	-11
10	68	2	1	-10
10	69	2	0	-11
10	70	1	1	-9
10	71	1	0	-10
10	72	3	0	11
10	73	3	0	-10
10	74	0	0	-10
10	75	2	1	12
10	76	1	0	-10
10	77	0	1	16
10	78	1	0	-10
10	79	1	0	-11
10	80	2	0	-11
10	81	1	3	19
10	82	1	0	12
10	83	2	1	-9
10	84	1	0	17
10	85	2	0	12
10	86	1	1	11
10	87	3	0	-10
10	88	1	1	15
10	89	0	1	-10
10	90	0	1	18
10	91	3	0	-10
10	92	2	0	-11
10	93	2	0	-10
10	94	0	0	-11
10	95	1	1	-10
10	96	1	1	17
10	97	1	1	13
10	98	2	0	-10
10	99	2	0	-11
10	100	2	0	-10
10	101	1	1	11
10	102	0	0	-11
10	103	1	2	15
10	104	2	1	-10
10	105	1	1	-10
10	106	2	0	-11
10	107	0	1	-10
10	108	1	0	12
10	109	1	2	17
10	110	2	1	14
10	111	3	0	-11
10	112	1	2	12
10	113	1	0	14
10	114	1	2	-9
10	115	2	0	-11
10	116	0	1	15
10	117	2	1	17
10	118	1	1	12
10	119	3	1	-10
10	120	1	0	-11
10	121	4	1	14
10	122	1	2	15
10	123	0	0	-11
10	124	2	2	15
11	0	2	2	17
11	1	2	2	13
11	2	0	1	12
11	3	0	0	-11
11	4	2	2	12
11	5	1	2	12
11	6	2	1	14
11	7	4	1	-10
11	8	3	0	-11
11	9	0	1	19
11	10	0	0	-11
11	11	2	0	18
11	12	2	0	-12
11	13	2	0	-11
11	14	1	1	16
11	15	2	1	19
11	16	2	0	-11
11	17	1	0	-11
11	18	0	1	-11
11	19	3	0	-11
11	20	2	1	18
11	21	2	0	-10
11	22	0	0	-12
11	23	2	1	15
11	24	2	1	13
11	25	0	0	-11
11	26	2	1	13
11	27	3	0	9
11	28	2	0	-11
11	29	1	0	-11
11	30	1	2	17
11	31	2	0	17
11	32	3	1	14
11	33	2	1	-11
11	34	0	0	-11
11	35	1	1	10
11	36	0	1	15
11	37	1	0	-11
11	38	0	0	-11
11	39	2	2	13
11	40	2	0	-10
11	41	1	1	9
11	42	0	1	14
11	43	1	1	14
11	44	2	2	14
11	45	2	1	19
11	46	1	0	-11
11	47	1	0	12
11	48	0	1	9
11	49	2	0	-11
11	50	2	0	-11
11	51	2	1	11
11	52	1	3	14
11	53	1	0	11
11	54	2	0	-10
11	55	1	1	10
11	56	0	0	-11
11	57	1	1	-11
11	58	1	2	14
11	59	0	3	17
11	60	0	1	19
11	61	0	0	-12
11	62	1	0	-11
11	63	1	1	-11
11	64	0	0	-12
11	65	3	0	-11
11	66	1	0	19
11	67	1	0	-12
11	68	2	1	-11
11	69	1	1	-11
11	70	1	1	-10
11	71	1	0	-11
11	72	3	0	10
11	73	3	0	-11
11	74	0	0	-11
11	75	2	1	11
11	76	1	1	19
11	77	0	1	15
11	78	1	0	-11
11	79	1	0	-12
11	80	2	1	-11
11	81	1	2	18
11	82	1	0	11
11	83	2	1	-10
11	84	1	0	16
11	85	2	0	11
11	86	1	1	10
11	87	3	0	-11
11	88	1	1	14
11	89	0	1	-11
11	90	0	1	17
11	91	2	1	-11
11	92	2	0	-12
11	93	2	1	-11
11	94	0	0	-12
11	95	1	1	-11
11	96	1	1	16
11	97	1	1	12
11	98	2	0	-11
11	99	2	0	-12
11	100	2	0	-11
11	101	1	1	10
11	102	0	0	-12
11	103	1	2	14
11	104	2	1	-11
11	105	1	1	-10
11	106	1	1	-11
11	107	1	0	-11
11	108	1	0	11
11	109	1	2	16
11	110	2	1	13
11	111	2	1	-11
11	112	1	2	11
11	113	1	0	13
11	114	2	1	-10
11	115	2	0	-12
11	116	0	1	14
11	117	2	1	16
11	118	1	1	11
11	119	3	1	-11
11	120	1	0	-12
11	121	3	2	13
11	122	1	1	14
11	123	0	0	-12
11	124	2	2	15
12	0	3	1	16
12	1	2	2	13
12	2	0	1	11
12	3	0	0	-12
12	4	2	2	11
12	5	1	2	11
12	6	2	1	13
12	7	4	1	-11
12	8	3	0	-12
12	9	1	0	18
12	10	0	0	-12
12	11	2	0	17
12	12	2	0	-13
12	13	2	0	-12
12	14	1	1	15
12	15	1	2	18
12	16	2	0	-12
12	17	1	0	-12
12	18	1	0	-12
12	19	2	1	-12
12	20	2	2	17
12	21	2	1	-11
12	22	0	0	-13
12	23	2	1	14
12	24	2	1	12
12	25	0	0	-12
12	26	2	1	12
12	27	3	0	8
12	28	2	0	-12
12	29	1	0	-12
12	30	1	3	17
12	31	2	0	16
12	32	3	1	14
12	33	3	1	-12
12	34	0	0	-12
12	35	1	1	10
12	36	0	1	14
12	37	0	1	-12
12	38	0	0	-12
12	39	2	2	13
12	40	2	0	-11
12	41	1	1	8
12	42	1	0	13
12	43	1	1	13
12	44	2	2	13
12	45	2	1	18
12	46	0	1	-12
12	47	1	0	11
12	48	0	0	8
12	49	1	1	-12
12	50	2	0	-12
12	51	2	1	10
12	52	1	3	14
12	53	1	0	10
12	54	2	0	-11
12	55	1	1	10
12	56	0	0	-12
12	57	2	0	-12
12	58	1	2	14
12	59	0	3	17
12	60	0	1	18
12	61	0	0	-13
12	62	1	0	-12
12	63	2	0	-12
12	64	0	0	-13
12	65	3	0	-12
12	66	0	1	18
12	67	0	2	19
12	68	2	1	-12
12	69	1	1	-12
12	70	1	1	19
12	71	1	0	-12
12	72	3	0	9
12	73	2	1	-11
12	74	0	0	-12
12	75	2	1	10
12	76	2	0	18
12	77	0	1	14
12	78	1	0	-12
12	79	1	0	-13
12	80	2	1	-12
12	81	1	2	17
12	82	1	0	10
12	83	2	1	19
12	84	1	0	15
12	85	2	0	10
12	86	1	1	10
12	87	3	0	-12
12	88	0	2	14
12	89	1	0	-12
12	90	1	0	16
12	91	2	1	-12
12	92	2	0	-13
12	93	2	1	-12
12	94	0	0	-13
12	95	1	1	-12
12	96	1	1	15
12	97	1	1	12
12	98	2	0	-12
12	99	2	0	-13
12	100	2	0	-12
12	101	1	1	10
12	102	0	0	-13
12	103	1	2	14
12	104	2	1	-11
12	105	1	1	-11
12	106	1	0	-12
12	107	1	0	-12
12	108	1	0	10
12	109	1	2	15
12	110	2	2	12
12	111	2	1	-12
12	112	1	2	11
12	113	1	0	12
12	114	3	0	-11
12	115	2	0	-13
12	116	0	1	14
12	117	2	1	15
12	118	1	1	10
12	119	2	2	19
12	120	1	0	-13
12	121	3	2	12
12	122	1	1	13
12	123	0	0	-13
12	124	1	3	14
13	0	3	1	15
13	1	2	2	12
13	2	0	1	11
13	3	0	0	-13
13	4	2	2	11
13	5	1	2	11
13	6	2	1	12
13	7	4	1	-12
13	8	3	0	-13
13	9	1	0	17
13	10	0	0	-13
13	11	2	0	16
13	12	2	0	-14
13	13	2	0	-13
13	14	1	1	15
13	15	0	2	17
13	16	2	0	-13
13	17	1	0	-13
13	18	1	0	-13
13	19	1	1	19
13	20	2	2	17
13	21	2	1	-12
13	22	0	0	-14
13	23	2	1	13
13	24	2	1	12
13	25	0	0	-13
13	26	2	1	11
13	27	3	0	7
13	28	2	0	-13
13	29	1	0	-13
13	30	1	3	16
13	31	2	0	15
13	32	3	1	13
13	33	3	1	-13
13	34	0	0	-13
13	35	1	1	9
13	36	0	1	14
13	37	0	0	-13
13	38	0	0	-13
13	39	2	1	12
13	40	2	0	-12
13	41	1	1	7
13	42	1	0	12
13	43	1	1	12
13	44	2	2	13
13	45	2	1	17
13	46	0	1	-13
13	47	1	0	10
13	48	0	0	7
13	49	1	1	-12
13	50	2	0	-13
13	51	2	2	10
13	52	1	3	13
13	53	1	0	9
13	54	2	0	-12
13	55	1	1	9
13	56	0	0	-13
13	57	2	0	-13
13	58	1	2	13
13	59	0	3	16
13	60	0	1	17
13	61	0	0	-14
13	62	1	0	-13
13	63	2	0	-13
13	64	0	0	-14
13	65	3	0	-13
13	66	0	1	17
13	67	0	2	18
13	68	2	0	-13
13	69	1	1	-13
13	70	1	1	18
13	71	1	0	-13
13	72	3	0	8
13	73	2	1	-12
13	74	0	0	-13
13	75	2	1	10
13	76	2	0	17
13	77	0	1	14
13	78	1	0	-13
13	79	1	0	-14
13	80	2	1	-13
13	81	1	2	17
13	82	1	0	9
13	83	2	1	18
13	84	1	0	14
13	85	2	0	9
13	86	1	1	9
13	87	3	0	-13
13	88	0	2	13
13	89	1	0	-13
13	90	1	0	15
13	91	2	1	-12
13	92	2	0	-14
13	93	2	1	-13
13	94	0	0	-14
13	95	1	1	-12
13	96	1	1	14
13	97	1	1	11
13	98	2	0	-13
13	99	2	1	-13
13	100	2	0	-13
13	101	1	1	9
13	102	0	0	-14
13	103	1	1	13
13	104	2	1	19
13	105	1	1	-12
13	106	1	0	-13
13	107	1	0	-13
13	108	1	0	9
13	109	1	1	14
13	110	2	2	11
13	111	1	2	-13
13	112	1	2	10
13	113	1	0	11
13	114	2	1	-12
13	115	2	0	-14
13	116	0	1	13
13	117	2	1	15
13	118	1	1	9
13	119	2	1	18
13	120	1	0	-14
13	121	3	2	12
13	122	1	1	12
13	123	0	0	-14
13	124	1	3	14
14	0	3	1	14
14	1	2	3	12
14	2	0	1	10
14	3	0	1	-14
14	4	2	2	10
14	5	1	2	10
14	6	2	1	11
14	7	4	1	-12
14	8	3	0	-14
14	9	1	0	16
14	10	0	0	-14
14	11	2	0	15
14	12	2	1	-14
14	13	2	0	-14
14	14	1	1	14
14	15	0	1	17
14	16	2	0	-14
14	17	1	0	-14
14	18	1	0	-14
14	19	1	1	18
14	20	3	1	16
14	21	2	1	-13
14	22	0	0	-15
14	23	2	1	13
14	24	2	1	11
14	25	0	0	-14
14	26	2	1	10
14	27	3	0	6
14	28	2	0	-14
14	29	1	0	-14
14	30	1	3	16
14	31	2	0	14
14	32	3	1	12
14	33	4	0	-14
14	34	0	0	-14
14	35	1	1	8
14	36	0	1	13
14	37	0	0	-14
14	38	0	0	-14
14	39	2	1	11
14	40	1	1	19
14	41	1	1	6
14	42	1	0	11
14	43	1	1	11
14	44	2	2	12
14	45	2	1	16
14	46	0	0	-14
14	47	1	0	9
14	48	0	0	6
14	49	0	1	-13
14	50	1	1	-14
14	51	2	2	9
14	52	1	3	13
14	53	1	0	8
14	54	2	0	-13
14	55	1	1	8
14	56	0	0	-14
14	57	2	0	-14
14	58	1	2	12
14	59	0	3	16
14	60	0	1	16
14	61	0	0	-15
14	62	1	0	-14
14	63	1	1	-13
14	64	0	0	-15
14	65	2	1	-14
14	66	0	1	16
14	67	0	2	18
14	68	1	1	-14
14	69	1	1	-14
14	70	1	1	17
14	71	1	0	-14
14	72	3	0	7
14	73	2	1	-13
14	74	0	0	-14
14	75	2	1	9
14	76	2	0	16
14	77	0	1	13
14	78	1	0	-14
14	79	1	0	-15
14	80	2	1	-14
14	81	1	2	16
14	82	1	0	8
14	83	3	0	17
14	84	1	0	13
14	85	2	0	8
14	86	0	2	8
14	87	3	0	-14
14	88	0	1	12
14	89	1	0	-14
14	90	1	0	14
14	91	2	1	-13
14	92	2	0	-15
14	93	2	0	-14
14	94	0	0	-15
14	95	1	1	-13
14	96	1	1	13
14	97	1	1	10
14	98	2	0	-14
14	99	2	1	-14
14	100	2	0	-14
14	101	1	1	8
14	102	0	0	-15
14	103	1	1	12
14	104	2	2	18
14	105	1	1	-13
14	106	1	0	-14
14	107	1	0	-14
14	108	1	0	8
14	109	1	1	14
14	110	3	1	11
14	111	1	2	-14
14	112	1	2	9
14	113	1	0	10
14	114	2	0	-13
14	115	1	1	-14
14	116	0	1	12
14	117	2	1	14
14	118	1	1	8
14	119	2	1	17
14	120	0	1	-14
14	121	2	3	11
14	122	1	1	11
14	123	0	0	-15
14	124	1	3	13
15	0	3	1	13
15	1	2	3	11
15	2	0	1	9
15	3	0	1	-15
15	4	2	2	9
15	5	1	2	9
15	6	2	1	11
15	7	4	1	-13
15	8	1	2	19
15	9	1	0	15
15	10	0	0	-15
15	11	2	0	14
15	12	1	2	-15
15	13	1	1	19
15	14	1	1	13
15	15	0	1	16
15	16	2	0	-15
15	17	1	0	-15
15	18	1	0	-15
15	19	1	1	17
15	20	3	1	15
15	21	2	1	19
15	22	0	0	-16
15	23	2	1	12
15	24	2	1	10
15	25	0	0	-15
15	26	2	1	10
15	27	3	0	5
15	28	1	1	-15
15	29	1	0	-15
15	30	1	3	15
15	31	2	0	13
15	32	3	1	11
15	33	4	0	-15
15	34	0	0	-15
15	35	1	1	7
15	36	0	1	12
15	37	0	0	-15
15	38	0	0	-15
15	39	2	1	10
15	40	1	0	18
15	41	1	0	5
15	42	1	0	10
15	43	1	1	10
15	44	1	3	12
15	45	2	1	15
15	46	0	0	-15
15	47	1	0	8
15	48	0	0	5
15	49	0	1	19
15	50	1	1	-15
15	51	2	2	8
15	52	1	3	12
15	53	1	0	7
15	54	2	0	-14
15	55	1	1	7
15	56	0	0	-15
15	57	2	0	-15
15	58	1	2	12
15	59	0	3	15
15	60	0	1	15
15	61	0	0	-16
15	62	1	0	-15
15	63	1	2	-14
15	64	0	0	-16
15	65	2	0	-15
15	66	0	1	15
15	67	0	2	17
15	68	1	1	-14
15	69	1	0	-15
15	70	1	0	16
15	71	1	0	-15
15	72	3	0	6
15	73	2	0	-14
15	74	0	0	-15
15	75	2	1	8
15	76	2	0	15
15	77	0	1	12
15	78	1	0	-15
15	79	1	0	-16
15	80	2	1	-15
15	81	1	2	15
15	82	1	0	7
15	83	3	0	16
15	84	1	0	12
15	85	2	0	7
15	86	0	1	7
15	87	2	1	19
15	88	0	1	11
15	89	1	0	-15
15	90	1	0	13
15	91	2	1	19
15	92	2	0	-16
15	93	1	1	-15
15	94	0	0	-16
15	95	1	0	-14
15	96	1	1	13
15	97	1	1	9
15	98	2	0	-15
15	99	2	1	19
15	100	2	0	-15
15	101	1	1	7
15	102	0	0	-16
15	103	1	1	11
15	104	2	2	17
15	105	1	1	-14
15	106	1	0	-15
15	107	1	0	-15
15	108	1	0	7
15	109	1	1	13
15	110	3	1	10
15	111	1	2	-14
15	112	1	2	9
15	113	1	0	9
15	114	2	0	-14
15	115	1	1	-15
15	116	0	1	11
15	117	2	1	13
15	118	1	1	8
15	119	2	1	16
15	120	0	0	-15
15	121	2	3	11
15	122	1	2	11
15	123	0	0	-16
15	124	1	2	13
16	0	3	1	13
16	1	2	3	11
16	2	0	1	8
16	3	1	0	-16
16	4	2	2	9
16	5	1	2	9
16	6	2	1	10
16	7	4	1	-14
16	8	1	3	18
16	9	1	1	14
16	10	0	0	-16
16	11	2	0	13
16	12	2	0	-16
16	13	1	1	18
16	14	1	1	12
16	15	0	1	15
16	16	2	0	-16
16	17	1	0	-16
16	18	1	0	-16
16	19	1	1	16
16	20	3	1	14
16	21	2	1	18
16	22	0	1	-16
16	23	2	1	11
16	24	2	1	9
16	25	0	0	-16
16	26	2	1	9
16	27	3	0	4
16	28	1	0	-16
16	29	0	1	19
16	30	1	3	15
16	31	2	0	12
16	32	3	1	10
16	33	4	0	-16
16	34	0	0	-16
16	35	1	1	6
16	36	0	1	11
16	37	0	0	-16
16	38	0	0	-16
16	39	2	1	9
16	40	1	0	17
16	41	1	0	4
16	42	1	0	9
16	43	1	1	10
16	44	1	3	11
16	45	2	1	14
16	46	0	0	-16
16	47	1	0	7
16	48	0	0	4
16	49	0	0	18
16	50	1	0	19
16	51	2	2	8
16	52	1	3	12
16	53	1	0	6
16	54	2	0	-15
16	55	1	1	6
16	56	0	1	19
16	57	2	0	-16
16	58	1	2	11
16	59	0	3	15
16	60	0	1	14
16	61	0	0	-17
16	62	1	0	-16
16	63	2	0	-15
16	64	0	0	-17
16	65	2	0	-16
16	66	0	1	14
16	67	0	2	16
16	68	1	0	-15
16	69	1	0	-16
16	70	1	0	15
16	71	1	0	-16
16	72	3	0	5
16	73	2	0	-15
16	74	0	0	-16
16	75	2	1	7
16	76	2	0	14
16	77	0	1	11
16	78	1	0	-16
16	79	1	0	19
16	80	2	1	-15
16	81	1	2	15
16	82	0	1	6
16	83	3	0	15
16	84	1	0	11
16	85	2	0	6
16	86	0	1	6
16	87	2	1	18
16	88	0	1	11
16	89	1	0	-16
16	90	1	0	12
16	91	2	1	18
16	92	2	0	-17
16	93	1	1	-15
16	94	0	1	-16
16	95	1	0	-15
16	96	1	1	12
16	97	1	1	8
16	98	2	0	-16
16	99	2	1	18
16	100	2	0	-16
16	101	1	1	6
16	102	0	0	-17
16	103	1	1	10
16	104	2	2	17
16	105	0	1	-15
16	106	1	0	-16
16	107	1	0	-16
16	108	1	0	6
16	109	1	1	12
16	110	3	1	9
16	111	1	2	-15
16	112	1	2	8
16	113	1	0	8
16	114	2	0	-15
16	115	0	1	-16
16	116	0	1	10
16	117	2	1	12
16	118	1	1	7
16	119	2	1	15
16	120	0	0	-16
16	121	2	2	10
16	122	2	1	10
16	123	0	0	-17
16	124	1	2	12
17	0	3	1	12
17	1	2	3	10
17	2	0	1	7
17	3	1	1	-17
17	4	2	2	8
17	5	1	2	8
17	6	2	1	9
17	7	4	1	-15
17	8	1	3	18
17	9	1	1	13
17	10	0	0	-17
17	11	2	0	12
17	12	2	0	-17
17	13	1	1	17
17	14	1	1	11
17	15	0	0	14
17	16	2	0	-17
17	17	1	0	-17
17	18	1	0	-17
17	19	1	1	15
17	20	3	1	13
17	21	2	1	17
17	22	0	1	-17
17	23	2	1	10
17	24	2	1	8
17	25	0	0	-17
17	26	2	1	8
17	27	2	1	4
17	28	1	0	-17
17	29	0	1	18
17	30	1	3	14
17	31	2	0	11
17	32	3	1	10
17	33	4	0	-17
17	34	0	0	-17
17	35	1	1	5
17	36	0	1	10
17	37	0	0	-17
17	38	0	0	-17
17	39	2	1	8
17	40	1	0	16
17	41	1	0	3
17	42	1	0	8
17	43	1	1	9
17	44	1	3	11
17	45	1	2	14
17	46	0	0	-17
17	47	1	0	6
17	48	0	0	3
17	49	0	0	17
17	50	1	0	18
17	51	2	2	7
17	52	1	3	11
17	53	1	0	5
17	54	2	0	-16
17	55	1	1	5
17	56	1	0	18
17	57	2	0	-17
17	58	1	2	10
17	59	0	3	14
17	60	0	2	14
17	61	0	0	-18
17	62	0	1	-17
17	63	2	0	-16
17	64	0	0	-18
17	65	2	0	-17
17	66	0	1	13
17	67	0	2	16
17	68	1	0	-16
17	69	1	0	-17
17	70	1	0	14
17	71	1	0	-17
17	72	3	0	4
17	73	1	2	19
17	74	0	0	-17
17	75	2	1	6
17	76	2	0	13
17	77	0	1	10
17	78	1	0	-17
17	79	1	0	18
17	80	2	2	19
17	81	1	2	14
17	82	0	1	5
17	83	3	0	14
17	84	1	0	10
17	85	2	0	5
17	86	0	1	5
17	87	2	1	17
17	88	0	1	10
17	89	1	0	-17
17	90	1	0	11
17	91	2	1	17
17	92	2	0	-18
17	93	1	1	-16
17	94	1	0	-17
17	95	1	0	-16
17	96	0	2	11
17	97	1	1	7
17	98	2	0	-17
17	99	2	1	17
17	100	2	0	-17
17	101	1	1	5
17	102	0	0	-18
17	103	1	1	10
17	104	2	2	16
17	105	0	1	-15
17	106	1	0	-17
17	107	0	2	19
17	108	1	0	5
17	109	1	2	11
17	110	3	1	8
17	111	1	1	-16
17	112	1	2	7
17	113	1	0	7
17	114	2	0	-16
17	115	0	1	-17
17	116	0	1	10
17	117	2	1	11
17	118	1	1	6
17	119	2	1	15
17	120	0	0	-17
17	121	2	2	9
17	122	2	1	9
17	123	0	0	-18
17	124	1	2	11
18	0	3	1	11
18	1	2	3	10
18	2	0	1	6
18	3	2	0	-18
18	4	2	2	7
18	5	1	2	7
18	6	2	1	8
18	7	4	1	-16
18	8	1	3	17
18	9	1	1	12
18	10	0	0	-18
18	11	2	0	11
18	12	2	0	-18
18	13	1	1	16
18	14	1	1	11
18	15	0	0	13
18	16	2	0	-18
18	17	1	0	-18
18	18	1	0	-18
18	19	1	1	14
18	20	3	1	12
18	21	1	2	16
18	22	0	2	-18
18	23	2	1	9
18	24	2	1	7
18	25	0	0	-18
18	26	2	1	7
18	27	2	1	3
18	28	1	1	-18
18	29	0	1	17
18	30	1	3	14
18	31	2	0	10
18	32	3	1	9
18	33	4	0	-18
18	34	0	0	-18
18	35	1	1	5
18	36	0	1	10
18	37	0	0	-18
18	38	0	0	-18
18	39	2	1	8
18	40	1	0	15
18	41	0	1	2
18	42	0	1	7
18	43	1	1	8
18	44	1	3	10
18	45	1	2	13
18	46	0	0	-18
18	47	1	0	5
18	48	0	0	2
18	49	0	0	16
18	50	1	1	17
18	51	2	2	6
18	52	1	3	11
18	53	1	0	4
18	54	2	0	-17
18	55	1	1	5
18	56	1	0	17
18	57	2	1	-18
18	58	1	2	10
18	59	0	3	14
18	60	0	2	13
18	61	0	0	-19
18	62	0	1	-18
18	63	1	1	19
18	64	0	0	-19
18	65	2	0	-18
18	66	0	1	13
18	67	0	2	15
18	68	1	0	-17
18	69	1	0	-18
18	70	1	0	13
18	71	1	0	-18
18	72	3	0	3
18	73	1	2	18
18	74	0	0	-18
18	75	2	1	5
18	76	2	0	12
18	77	0	1	10
18	78	0	1	-18
18	79	1	0	17
18	80	2	2	18
18	81	1	2	13
18	82	0	0	4
18	83	3	0	13
18	84	1	0	9
18	85	2	0	4
18	86	0	1	5
18	87	2	1	16
18	88	0	1	9
18	89	1	1	-17
18	90	0	1	10
18	91	2	1	16
18	92	2	0	-19
18	93	1	1	-17
18	94	1	0	-18
18	95	1	0	-17
18	96	0	2	10
18	97	1	1	7
18	98	2	0	-18
18	99	2	1	16
18	100	2	0	-18
18	101	1	1	5
18	102	0	0	-19
18	103	1	1	9
18	104	2	2	15
18	105	0	1	19
18	106	1	0	-18
18	107	0	2	18
18	108	1	0	4
18	109	1	2	11
18	110	3	1	7
18	111	1	1	-17
18	112	1	2	7
18	113	1	0	6
18	114	3	0	-17
18	115	0	0	-18
18	116	0	1	9
18	117	2	1	11
18	118	1	1	5
18	119	2	1	14
18	120	0	0	-18
18	121	2	2	9
18	122	2	1	8
18	123	0	0	-19
18	124	1	2	11
19	0	3	1	10
19	1	2	3	9
19	2	0	1	6
19	3	2	0	-19
19	4	2	2	7
19	5	1	2	7
19	6	2	1	7
19	7	4	1	-17
19	8	1	3	17
19	9	1	2	12
19	10	0	1	-19
19	11	2	1	10
19	12	2	1	-19
19	13	1	1	15
19	14	1	1	10
19	15	0	0	12
19	16	2	0	-19
19	17	1	0	-19
19	18	1	0	-19
19	19	1	1	14
19	20	3	1	12
19	21	1	2	16
19	22	1	1	-19
19	23	1	2	9
19	24	2	1	7
19	25	0	0	-19
19	26	2	1	6
19	27	2	1	2
19	28	2	0	-19
19	29	0	1	16
19	30	1	3	13
19	31	2	0	9
19	32	3	1	8
19	33	4	0	-19
19	34	0	0	-19
19	35	1	1	4
19	36	0	1	9
19	37	0	0	-19
19	38	0	1	-19
19	39	2	1	7
19	40	1	0	14
19	41	0	0	1
19	42	0	2	7
19	43	1	1	7
19	44	1	2	9
19	45	1	2	12
19	46	0	0	-19
19	47	1	0	4
19	48	0	0	1
19	49	0	0	15
19	50	2	0	16
19	51	2	2	6
19	52	1	3	10
19	53	1	0	3
19	54	1	1	-18
19	55	1	1	4
19	56	1	0	16
19	57	1	1	-19
19	58	1	2	9
19	59	0	3	13
19	60	0	2	12
19	61	0	1	-19
19	62	0	1	-18
19	63	1	1	18
19	64	0	0	-20
19	65	2	0	-19
19	66	0	1	12
19	67	0	2	14
19	68	1	0	-18
19	69	0	0	-19
19	70	1	0	12
19	71	1	0	-19
19	72	3	0	2
19	73	1	2	18
19	74	0	0	-19
19	75	2	1	5
19	76	2	0	11
19	77	0	1	9
19	78	0	0	-19
19	79	1	0	16
19	80	2	2	18
19	81	1	2	13
19	82	0	0	3
19	83	3	0	12
19	84	1	0	8
19	85	2	0	3
19	86	0	1	4
19	87	2	1	15
19	88	0	1	8
19	89	2	0	-18
19	90	0	1	9
19	91	2	1	15
19	92	2	0	-20
19	93	1	0	-18
19	94	1	0	-19
19	95	1	1	19
19	96	0	2	10
19	97	1	1	6
19	98	2	0	-19
19	99	2	1	15
19	100	2	0	-19
19	101	1	1	4
19	102	0	0	-20
19	103	1	1	8
19	104	2	2	15
19	105	0	1	18
19	106	1	0	-19
19	107	0	2	18
19	108	1	0	3
19	109	1	2	10
19	110	3	1	6
19	111	1	1	-17
19	112	1	2	6
19	113	1	0	5
19	114	3	0	-18
19	115	0	0	-19
19	116	0	1	8
19	117	2	1	10
19	118	1	1	4
19	119	2	1	13
19	120	0	0	-19
19	121	2	2	8
19	122	2	1	7
19	123	0	0	-20
19	124	1	2	10
20	0	3	1	9
20	1	2	3	9
20	2	0	0	5
20	3	2	0	-20
20	4	2	2	6
20	5	1	2	6
20	6	2	1	6
20	7	4	1	-17
20	8	1	3	16
20	9	1	2	11
20	10	0	1	-20
20	11	1	2	9
20	12	2	1	19
20	13	1	1	14
20	14	1	1	9
20	15	0	0	11
20	16	2	0	-20
20	17	1	0	-20
20	18	1	0	-20
20	19	1	1	13
20	20	3	1	11
20	21	1	2	15
20	22	1	1	-20
20	23	1	2	8
20	24	2	1	6
20	25	0	0	-20
20	26	2	1	5
20	27	2	1	1
20	28	2	1	19
20	29	0	1	15
20	30	1	3	13
20	31	2	0	8
20	32	3	1	7
20	33	4	0	-20
20	34	0	0	19
20	35	1	1	3
20	36	0	1	8
20	37	0	0	-20
20	38	1	0	-20
20	39	2	1	6
20	40	1	0	13
20	41	0	1	1
20	42	0	2	6
20	43	1	1	6
20	44	1	3	9
20	45	1	2	12
20	46	0	0	-20
20	47	1	0	3
20	48	0	0	0
20	49	0	0	14
20	50	2	0	15
20	51	2	2	5
20	52	1	3	10
20	53	1	0	2
20	54	1	1	-19
20	55	1	1	3
20	56	1	0	15
20	57	1	1	-20
20	58	1	2	8
20	59	0	3	13
20	60	1	1	12
20	61	1	0	-20
20	62	0	0	-19
20	63	1	1	17
20	64	0	0	-21
20	65	1	1	-20
20	66	0	1	11
20	67	0	2	14
20	68	1	0	-19
20	69	0	0	-20
20	70	1	0	11
20	71	1	0	-20
20	72	3	0	1
20	73	1	2	17
20	74	0	1	-20
20	75	2	1	4
20	76	2	0	10
20	77	0	1	8
20	78	1	0	-20
20	79	1	0	15
20	80	2	2	17
20	81	1	2	12
20	82	0	0	2
20	83	3	0	11
20	84	1	0	7
20	85	2	0	2
20	86	0	1	3
20	87	2	1	14
20	88	0	1	7
20	89	2	0	-19
20	90	0	1	8
20	91	2	1	14
20	92	2	0	-21
20	93	1	0	-19
20	94	2	0	-20
20	95	1	1	18
20	96	0	1	9
20	97	1	1	5
20	98	2	0	-20
20	99	2	1	14
20	100	1	1	-20
20	101	1	1	3
20	102	0	0	-21
20	103	1	1	7
20	104	2	2	14
20	105	0	1	17
20	106	0	1	-20
20	107	0	2	17
20	108	1	0	2
20	109	2	0	9
20	110	3	1	6
20	111	1	1	-18
20	112	1	2	5
20	113	1	0	4
20	114	3	0	-19
20	115	0	0	-20
20	116	0	1	7
20	117	2	1	9
20	118	1	1	3
20	119	2	1	12
20	120	0	1	-20
20	121	2	2	7
20	122	2	1	6
20	123	0	1	-20
20	124	1	2	9
21	0	3	1	8
21	1	2	3	8
21	2	0	0	4
21	3	2	0	-21
21	4	2	2	5
21	5	1	2	5
21	6	2	1	6
21	7	4	1	-18
21	8	1	3	16
21	9	3	0	10
21	10	1	0	-21
21	11	1	2	8
21	12	3	0	18
21	13	1	1	14
21	14	1	1	8
21	15	0	0	10
21	16	2	0	-21
21	17	0	1	-21
21	18	1	0	-21
21	19	1	1	12
21	20	3	1	10
21	21	1	2	14
21	22	2	0	-21
21	23	1	1	7
21	24	2	1	5
21	25	0	1	-21
21	26	2	1	5
21	27	2	1	0
21	28	2	1	18
21	29	0	1	14
21	30	1	3	12
21	31	1	1	7
21	32	3	1	6
21	33	4	0	-21
21	34	0	0	18
21	35	1	1	2
21	36	0	1	7
21	37	0	1	19
21	38	1	0	-21
21	39	2	1	5
21	40	1	0	12
21	41	0	1	0
21	42	1	1	5
21	43	1	1	5
21	44	1	3	8
21	45	1	2	11
21	46	0	0	-21
21	47	1	0	2
21	48	0	0	0
21	49	0	0	13
21	50	2	0	14
21	51	2	2	4
21	52	1	3	9
21	53	1	0	1
21	54	1	0	-20
21	55	1	1	2
21	56	1	0	14
21	57	1	1	19
21	58	1	2	8
21	59	0	3	12
21	60	1	1	11
21	61	1	0	19
21	62	0	0	-20
21	63	1	1	16
21	64	0	0	-22
21	65	1	1	-21
21	66	0	2	10
21	67	0	2	13
21	68	1	0	-20
21	69	0	0	-21
21	70	1	0	10
21	71	1	0	-21
21	72	3	0	0
21	73	1	2	16
21	74	0	1	-21
21	75	2	1	3
21	76	2	0	9
21	77	0	1	7
21	78	1	0	-21
21	79	1	0	14
21	80	2	2	16
21	81	1	2	11
21	82	0	0	1
21	83	3	0	10
21	84	1	0	6
21	85	2	0	1
21	86	0	1	2
21	87	2	1	14
21	88	0	1	6
21	89	2	0	-20
21	90	0	1	8
21	91	2	1	14
21	92	2	0	-22
21	93	1	1	-20
21	94	2	0	-21
21	95	1	1	17
21	96	0	1	8
21	97	1	1	4
21	98	2	0	-21
21	99	2	1	14
21	100	1	1	-21
21	101	1	1	2
21	102	0	0	-22
21	103	1	1	6
21	104	2	2	13
21	105	0	1	16
21	106	0	1	-21
21	107	0	2	16
21	108	1	0	1
21	109	2	0	8
21	110	3	1	5
21	111	1	2	-19
21	112	1	2	5
21	113	1	0	3
21	114	3	0	-20
21	115	0	0	-21
21	116	0	1	6
21	117	2	1	8
21	118	1	1	3
21	119	2	1	11
21	120	0	2	-21
21	121	2	2	7
21	122	2	1	6
21	123	0	1	-21
21	124	1	2	8
22	0	3	1	8
22	1	2	3	8
22	2	0	0	3
22	3	1	1	-22
22	4	2	2	5
22	5	1	2	5
22	6	2	1	5
22	7	4	1	19
22	8	1	3	15
22	9	3	0	9
22	10	1	0	-22
22	11	1	2	8
22	12	2	1	17
22	13	1	1	13
22	14	1	1	7
22	15	0	0	9
22	16	2	0	-22
22	17	0	1	-22
22	18	1	0	-22
22	19	1	1	11
22	20	3	1	9
22	21	1	2	14
22	22	2	0	-22
22	23	1	1	6
22	24	2	1	4
22	25	1	0	-22
22	26	2	1	4
22	27	2	1	0
22	28	2	1	17
22	29	0	1	14
22	30	1	3	12
22	31	1	1	6
22	32	3	1	5
22	33	4	0	-22
22	34	0	0	17
22	35	1	2	1
22	36	0	1	6
22	37	0	1	18
22	38	1	1	-22
22	39	2	1	4
22	40	1	0	11
22	41	1	0	0
22	42	1	1	4
22	43	1	2	5
22	44	1	3	8
22	45	1	2	10
22	46	0	0	19
22	47	1	0	1
22	48	0	0	-1
22	49	0	0	12
22	50	2	0	13
22	51	2	2	4
22	52	1	3	9
22	53	1	0	0
22	54	1	0	-21
22	55	1	1	1
22	56	1	0	13
22	57	1	1	18
22	58	1	2	7
22	59	0	3	12
22	60	1	1	10
22	61	1	1	18
22	62	0	0	-21
22	63	1	1	15
22	64	0	1	-22
22	65	1	1	-22
22	66	1	1	10
22	67	0	2	12
22	68	1	0	-21
22	69	0	1	-22
22	70	1	0	9
22	71	1	0	-22
22	72	3	0	-1
22	73	1	2	16
22	74	0	1	-22
22	75	2	1	2
22	76	2	0	8
22	77	0	1	6
22	78	1	1	-22
22	79	1	0	13
22	80	2	2	16
22	81	1	2	11
22	82	0	0	0
22	83	3	0	9
22	84	1	0	5
22	85	2	0	0
22	86	0	1	1
22	87	2	1	13
22	88	0	1	6
22	89	2	0	-21
22	90	0	1	7
22	91	2	1	13
22	92	2	0	-23
22	93	2	0	-21
22	94	2	0	-22
22	95	1	1	16
22	96	0	1	7
22	97	1	1	3
22	98	2	0	-22
22	99	2	1	13
22	100	1	1	-21
22	101	1	1	1
22	102	0	0	-23
22	103	1	1	5
22	104	2	2	13
22	105	0	1	15
22	106	0	2	-22
22	107	0	2	16
22	108	1	0	0
22	109	2	0	7
22	110	3	1	4
22	111	1	2	19
22	112	1	2	4
22	113	1	0	2
22	114	3	0	-21
22	115	0	0	-22
22	116	0	1	5
22	117	2	1	7
22	118	1	1	2
22	119	2	1	11
22	120	1	1	-22
22	121	2	2	6
22	122	2	1	5
22	123	1	0	-22
22	124	1	2	8
23	0	3	1	7
23	1	2	3	7
23	2	0	1	2
23	3	1	1	-23
23	4	2	2	4
23	5	1	2	4
23	6	2	1	4
23	7	4	1	18
23	8	1	3	15
23	9	3	0	8
23	10	1	0	-23
23	11	1	2	7
23	12	2	1	16
23	13	1	1	12
23	14	1	1	6
23	15	0	0	8
23	16	2	0	-23
23	17	0	0	-23
23	18	0	1	-23
23	19	1	1	10
23	20	3	1	8
23	21	1	2	13
23	22	2	0	-23
23	23	1	1	5
23	24	2	1	3
23	25	1	0	-23
23	26	2	1	3
23	27	2	1	0
23	28	2	1	16
23	29	0	1	13
23	30	1	3	11
23	31	1	0	5
23	32	3	1	5
23	33	4	0	-23
23	34	0	0	16
23	35	2	1	1
23	36	0	1	5
23	37	0	1	17
23	38	1	1	-22
23	39	2	1	3
23	40	1	0	10
23	41	1	0	-1
23	42	1	1	4
23	43	1	2	4
23	44	1	3	7
23	45	1	2	10
23	46	0	0	18
23	47	1	0	0
23	48	0	1	-2
23	49	0	0	11
23	50	2	0	12
23	51	2	2	3
23	52	1	3	8
23	53	1	0	-1
23	54	1	0	-22
23	55	1	1	0
23	56	1	0	12
23	57	1	1	17
23	58	1	2	6
23	59	0	3	11
23	60	1	1	9
23	61	1	1	17
23	62	0	0	-22
23	63	1	1	14
23	64	1	0	-23
23	65	1	1	-23
23	66	1	1	9
23	67	0	2	12
23	68	1	0	-22
23	69	0	1	-23
23	70	1	0	8
23	71	1	0	-23
23	72	3	0	-2
23	73	1	2	15
23	74	0	1	-23
23	75	2	1	1
23	76	2	0	7
23	77	0	1	5
23	78	1	1	-23
23	79	1	0	12
23	80	2	2	15
23	81	1	2	10
23	82	0	0	0
23	83	3	0	8
23	84	1	0	4
23	85	2	0	0
23	86	0	1	0
23	87	2	1	12
23	88	0	1	5
23	89	2	0	-22
23	90	0	1	6
23	91	2	1	12
23	92	2	0	-24
23	93	2	0	-22
23	94	2	0	-23
23	95	1	1	15
23	96	0	1	6
23	97	1	1	2
23	98	2	0	-23
23	99	2	1	12
23	100	1	2	-22
23	101	1	1	0
23	102	0	0	-24
23	103	1	1	5
23	104	2	2	12
23	105	0	1	14
23	106	0	2	19
23	107	0	2	15
23	108	1	0	-1
23	109	2	1	6
23	110	3	1	3
23	111	1	2	18
23	112	1	2	3
23	113	1	0	1
23	114	2	1	-22
23	115	0	0	-23
23	116	0	1	5
23	117	2	1	6
23	118	1	1	1
23	119	2	1	10
23	120	1	1	-23
23	121	2	2	5
23	122	2	1	4
23	123	1	0	-23
23	124	1	2	7
24	0	3	1	6
24	1	2	3	7
24	2	0	1	1
24	3	1	1	-23
24	4	2	2	3
24	5	1	2	3
24	6	2	1	3
24	7	4	1	17
24	8	1	3	14
24	9	2	1	7
24	10	1	0	-24
24	11	1	2	6
24	12	2	0	15
24	13	1	1	11
24	14	1	1	6
24	15	0	0	7
24	16	2	0	-24
24	17	0	0	-24
24	18	0	1	-24
24	19	1	1	10
24	20	3	1	7
24	21	1	2	12
24	22	0	2	-23
24	23	1	1	5
24	24	2	1	2
24	25	1	0	-24
24	26	2	1	2
24	27	2	1	-1
24	28	2	1	15
24	29	0	1	12
24	30	1	3	11
24	31	1	0	4
24	32	3	1	4
24	33	4	0	-24
24	34	0	0	15
24	35	2	1	0
24	36	0	1	5
24	37	0	1	16
24	38	2	0	-23
24	39	2	1	3
24	40	1	0	9
24	41	1	0	-2
24	42	1	1	3
24	43	2	1	3
24	44	1	3	7
24	45	1	2	9
24	46	0	0	17
24	47	1	0	0
24	48	1	0	-3
24	49	0	0	10
24	50	2	0	11
24	51	2	2	2
24	52	1	3	8
24	53	1	0	-2
24	54	1	0	-23
24	55	1	1	0
24	56	1	0	11
24	57	1	1	16
24	58	1	2	6
24	59	0	3	11
24	60	1	1	8
24	61	1	1	16
24	62	0	0	-23
24	63	1	1	14
24	64	1	0	-24
24	65	1	1	-23
24	66	1	1	8
24	67	0	2	11
24	68	1	0	-23
24	69	1	0	-24
24	70	1	0	7
24	71	1	0	-24
24	72	3	0	-3
24	73	1	2	14
24	74	0	1	-24
24	75	2	1	0
24	76	2	0	6
24	77	0	1	5
24	78	2	0	-24
24	79	1	0	11
24	80	2	2	14
24	81	1	2	9
24	82	0	0	-1
24	83	3	0	7
24	84	1	0	3
24	85	2	0	-1
24	86	0	1	0
24	87	2	1	11
24	88	0	1	4
24	89	1	1	-23
24	90	0	1	5
24	91	2	1	11
24	92	2	0	-25
24	93	2	0	-23
24	94	2	0	-24
24	95	1	1	14
24	96	0	2	6
24	97	1	1	2
24	98	2	0	-24
24	99	2	1	11
24	100	2	1	-23
24	101	1	1	0
24	102	0	0	-25
24	103	1	1	4
24	104	2	2	11
24	105	0	1	14
24	106	0	2	18
24	107	0	2	14
24	108	1	0	-2
24	109	2	1	5
24	110	3	1	2
24	111	1	2	18
24	112	1	2	3
24	113	1	0	0
24	114	2	1	-23
24	115	0	0	-24
24	116	0	1	4
24	117	2	1	6
24	118	1	1	0
24	119	2	1	9
24	120	1	1	-23
24	121	2	2	5
24	122	2	1	3
24	123	1	0	-24
24	124	1	2	6
25	0	3	1	5
25	1	2	3	6
25	2	0	1	0
25	3	1	1	-24
25	4	2	2	3
25	5	1	2	3
25	6	2	1	2
25	7	4	1	16
25	8	1	3	14
25	9	2	1	6
25	10	1	0	-25
25	11	1	2	6
25	12	2	0	14
25	13	1	1	10
25	14	1	1	5
25	15	0	0	6
25	16	2	0	-25
25	17	0	0	-25
25	18	0	0	-25
25	19	1	1	9
25	20	3	1	7
25	21	1	2	12
25	22	1	1	-24
25	23	1	1	4
25	24	2	1	2
25	25	1	0	-25
25	26	2	1	1
25	27	3	0	-2
25	28	2	1	14
25	29	0	1	11
25	30	1	3	10
25	31	1	0	3
25	32	3	1	3
25	33	4	0	-25
25	34	0	0	14
25	35	2	2	0
25	36	0	1	4
25	37	0	1	15
25	38	2	1	-24
25	39	2	1	2
25	40	1	0	8
25	41	1	0	-3
25	42	1	1	2
25	43	2	1	2
25	44	1	3	6
25	45	1	2	8
25	46	0	0	16
25	47	1	0	-1
25	48	1	0	-4
25	49	0	0	9
25	50	2	0	10
25	51	2	2	2
25	52	1	3	7
25	53	1	1	-2
25	54	1	1	19
25	55	1	1	0
25	56	1	0	10
25	57	1	1	15
25	58	1	2	5
25	59	0	3	10
25	60	1	1	7
25	61	1	1	15
25	62	0	0	-24
25	63	1	1	13
25	64	1	0	-25
25	65	1	1	-24
25	66	1	1	7
25	67	0	2	10
25	68	1	0	-24
25	69	1	0	-25
25	70	1	0	6
25	71	1	0	-25
25	72	3	0	-4
25	73	1	2	14
25	74	0	1	19
25	75	2	1	0
25	76	2	0	5
25	77	0	1	4
25	78	2	0	-25
25	79	1	0	10
25	80	2	2	14
25	81	1	2	8
25	82	0	0	-2
25	83	3	0	6
25	84	1	0	2
25	85	2	0	-2
25	86	0	1	0
25	87	2	1	10
25	88	0	1	3
25	89	2	0	-24
25	90	0	1	4
25	91	2	1	10
25	92	2	0	-26
25	93	2	0	-24
25	94	2	0	-25
25	95	1	1	14
25	96	0	2	5
25	97	1	1	1
25	98	2	0	-25
25	99	2	1	10
25	100	2	1	19
25	101	1	1	0
25	102	0	0	-26
25	103	1	1	3
25	104	2	2	11
25	105	0	1	13
25	106	0	2	18
25	107	1	1	13
25	108	1	0	-3
25	109	2	1	4
25	110	3	1	1
25	111	1	2	17
25	112	1	2	2
25	113	1	0	0
25	114	2	0	-24
25	115	0	0	-25
25	116	0	1	3
25	117	2	1	5
25	118	1	1	0
25	119	2	1	8
25	120	1	1	-24
25	121	2	2	4
25	122	2	1	2
25	123	1	0	-25
25	124	1	2	6
26	0	3	1	4
26	1	2	3	6
26	2	0	1	0
26	3	2	0	-25
26	4	2	2	2
26	5	1	2	2
26	6	2	1	1
26	7	4	1	15
26	8	1	3	13
26	9	2	1	5
26	10	1	0	-26
26	11	1	2	5
26	12	2	0	13
26	13	1	1	10
26	14	1	1	4
26	15	0	0	5
26	16	2	0	-26
26	17	0	0	-26
26	18	0	0	-26
26	19	0	2	8
26	20	3	1	6
26	21	1	2	11
26	22	1	1	-25
26	23	1	1	3
26	24	2	1	1
26	25	1	0	-26
26	26	2	1	0
26	27	3	0	-3
26	28	2	1	14
26	29	0	1	10
26	30	1	3	10
26	31	1	0	2
26	32	2	2	2
26	33	4	0	-26
26	34	0	0	13
26	35	2	2	19
26	36	0	1	3
26	37	0	1	14
26	38	3	0	-25
26	39	2	1	1
26	40	1	0	7
26	41	1	0	-4
26	42	1	1	1
26	43	2	1	2
26	44	1	3	6
26	45	1	2	8
26	46	0	0	15
26	47	1	0	-2
26	48	1	0	-5
26	49	0	0	8
26	50	2	0	9
26	51	2	2	1
26	52	1	3	7
26	53	2	0	-3
26	54	1	1	18
26	55	1	1	-1
26	56	1	0	9
26	57	1	1	14
26	58	1	2	4
26	59	0	3	10
26	60	1	1	7
26	61	1	1	14
26	62	0	0	-25
26	63	1	1	12
26	64	1	0	-26
26	65	0	2	-25
26	66	1	1	6
26	67	0	2	10
26	68	1	0	-25
26	69	1	0	-26
26	70	1	0	5
26	71	1	0	-26
26	72	2	1	-4
26	73	1	2	13
26	74	0	1	18
26	75	2	1	0
26	76	2	0	4
26	77	0	1	3
26	78	2	0	-26
26	79	1	0	9
26	80	2	2	13
26	81	1	2	8
26	82	0	0	-3
26	83	3	0	5
26	84	1	0	1
26	85	2	0	-3
26	86	0	1	-1
26	87	2	1	10
26	88	0	1	2
26	89	2	0	-25
26	90	0	1	3
26	91	1	2	10
26	92	2	0	-27
26	93	2	0	-25
26	94	2	0	-26
26	95	1	1	13
26	96	1	1	4
26	97	1	1	0
26	98	2	0	-26
26	99	2	1	10
26	100	2	1	18
26	101	1	1	19
26	102	0	0	-27
26	103	1	1	2
26	104	2	2	10
26	105	0	1	12
26	106	0	2	17
26	107	1	1	13
26	108	1	0	-4
26	109	2	1	4
26	110	3	1	1
26	111	1	2	16
26	112	1	2	1
26	113	1	0	-1
26	114	1	1	-25
26	115	0	0	-26
26	116	0	1	2
26	117	2	1	4
26	118	1	1	-1
26	119	2	1	7
26	120	1	1	-25
26	121	2	2	3
26	122	2	1	1
26	123	1	0	-26
26	124	1	2	5
27	0	3	1	3
27	1	2	3	5
27	2	0	1	-1
27	3	2	0	-26
27	4	2	2	1
27	5	1	2	1
27	6	2	1	1
27	7	4	1	14
27	8	1	3	13
27	9	1	1	4
27	10	1	0	-27
27	11	1	2	4
27	12	2	0	12
27	13	1	1	9
27	14	1	1	3
27	15	0	0	4
27	16	2	0	-27
27	17	0	0	-27
27	18	0	0	-27
27	19	0	1	7
27	20	3	1	5
27	21	1	2	10
27	22	1	0	-26
27	23	1	1	2
27	24	2	1	0
27	25	1	0	-27
27	26	2	1	0
27	27	3	0	-4
27	28	2	1	13
27	29	0	1	10
27	30	1	3	9
27	31	1	0	1
27	32	2	2	1
27	33	4	0	-27
27	34	0	0	12
27	35	2	2	18
27	36	0	1	2
27	37	0	1	14
27	38	3	0	-26
27	39	2	1	0
27	40	1	0	6
27	41	1	0	-5
27	42	1	1	0
27	43	2	1	1
27	44	1	3	5
27	45	1	2	7
27	46	0	0	14
27	47	1	0	-3
27	48	1	0	-6
27	49	0	0	7
27	50	2	0	8
27	51	2	2	0
27	52	1	3	6
27	53	2	0	-4
27	54	1	2	17
27	55	1	1	19
27	56	1	0	8
27	57	1	1	14
27	58	1	2	4
27	59	0	3	9
27	60	1	1	6
27	61	1	1	13
27	62	0	0	-26
27	63	1	1	11
27	64	1	1	-27
27	65	0	1	19
27	66	1	1	5
27	67	0	2	9
27	68	1	0	-26
27	69	1	0	-27
27	70	1	0	4
27	71	1	0	-27
27	72	2	1	19
27	73	1	2	12
27	74	0	1	17
27	75	2	1	-1
27	76	2	0	3
27	77	0	1	2
27	78	2	0	-27
27	79	1	0	8
27	80	2	2	12
27	81	1	2	7
27	82	0	0	-4
27	83	3	0	4
27	84	1	0	0
27	85	2	0	-4
27	86	0	1	19
27	87	2	1	9
27	88	0	1	1
27	89	1	1	-26
27	90	0	1	3
27	91	1	1	9
27	92	2	0	-28
27	93	2	0	-26
27	94	2	0	-27
27	95	1	1	12
27	96	1	1	3
27	97	1	1	0
27	98	2	0	-27
27	99	2	1	9
27	100	2	1	17
27	101	1	1	18
27	102	0	0	-28
27	103	1	1	1
27	104	2	2	9
27	105	0	1	11
27	106	0	2	16
27	107	1	1	12
27	108	1	0	-5
27	109	2	1	3
27	110	3	1	0
27	111	1	2	16
27	112	1	2	1
27	113	1	0	-2
27	114	1	0	-26
27	115	0	0	-27
27	116	0	1	1
27	117	2	1	3
27	118	1	1	-1
27	119	2	1	6
27	120	1	1	-26
27	121	2	2	3
27	122	2	1	1
27	123	1	0	-27
27	124	1	2	4
28	0	3	1	3
28	1	2	3	5
28	2	0	2	19
28	3	2	0	-27
28	4	2	2	1
28	5	1	2	1
28	6	2	1	0
28	7	4	1	14
28	8	1	3	12
28	9	1	1	4
28	10	1	0	-28
28	11	1	2	4
28	12	2	0	11
28	13	1	1	8
28	14	1	1	2
28	15	0	0	3
28	16	2	1	-28
28	17	0	0	-28
28	18	0	0	-28
28	19	0	1	6
28	20	3	1	4
28	21	1	2	10
28	22	1	0	-27
28	23	1	1	1
28	24	2	1	0
28	25	1	0	-28
28	26	2	1	0
28	27	3	0	-5
28	28	2	1	12
28	29	0	1	9
28	30	1	3	9
28	31	1	0	0
28	32	2	1	1
28	33	4	0	-28
28	34	0	0	11
28	35	2	2	18
28	36	0	1	1
28	37	0	1	13
28	38	3	0	-27
28	39	2	1	0
28	40	1	0	5
28	41	1	0	-6
28	42	1	1	0
28	43	3	0	0
28	44	2	2	5
28	45	1	2	6
28	46	0	0	13
28	47	1	0	-4
28	48	1	0	-7
28	49	0	0	6
28	50	2	0	7
28	51	3	1	0
28	52	1	3	6
28	53	2	0	-5
28	54	1	2	17
28	55	1	1	18
28	56	0	1	7
28	57	1	1	13
28	58	1	2	3
28	59	0	3	9
28	60	1	1	5
28	61	1	1	13
28	62	0	0	-27
28	63	1	1	10
28	64	1	1	-28
28	65	0	1	18
28	66	1	1	5
28	67	0	2	8
28	68	1	0	-27
28	69	1	1	-27
28	70	1	0	3
28	71	1	0	-28
28	72	2	0	18
28	73	1	2	12
28	74	0	1	16
28	75	3	0	-2
28	76	2	0	2
28	77	0	1	1
28	78	2	0	-28
28	79	1	0	7
28	80	2	2	12
28	81	1	2	6
28	82	0	0	-5
28	83	3	0	3
28	84	1	0	0
28	85	2	0	-5
28	86	0	1	18
28	87	2	1	8
28	88	0	1	1
28	89	1	1	-27
28	90	0	2	2
28	91	1	1	8
28	92	2	0	-29
28	93	2	0	-27
28	94	1	1	-28
28	95	1	1	11
28	96	1	1	3
28	97	1	1	19
28	98	2	0	-28
28	99	2	1	8
28	100	2	1	16
28	101	1	1	17
28	102	0	0	-29
28	103	1	1	0
28	104	2	2	9
28	105	0	1	10
28	106	0	2	16
28	107	1	1	11
28	108	1	0	-6
28	109	2	1	2
28	110	3	1	0
28	111	1	2	15
28	112	1	2	0
28	113	1	0	-3
28	114	1	0	-27
28	115	0	0	-28
28	116	0	1	0
28	117	2	1	2
28	118	1	1	-2
28	119	2	1	6
28	120	1	1	-27
28	121	2	2	2
28	122	2	1	0
28	123	1	0	-28
28	124	1	2	4
29	0	3	1	2
29	1	2	3	4
29	2	0	2	18
29	3	2	0	-28
29	4	2	2	0
29	5	1	2	0
29	6	2	1	0
29	7	4	1	13
29	8	1	3	12
29	9	1	0	3
29	10	1	0	-29
29	11	1	2	3
29	12	2	0	10
29	13	1	1	7
29	14	1	1	1
29	15	0	0	2
29	16	2	1	-29
29	17	0	0	-29
29	18	0	0	-29
29	19	0	1	5
29	20	3	1	3
29	21	1	2	9
29	22	1	1	-28
29	23	1	1	0
29	24	2	1	-1
29	25	1	0	-29
29	26	2	1	19
29	27	3	0	-6
29	28	2	1	11
29	29	0	1	8
29	30	1	3	8
29	31	1	0	0
29	32	2	1	0
29	33	4	0	-29
29	34	0	0	10
29	35	2	2	17
29	36	0	1	0
29	37	0	1	12
29	38	3	0	-28
29	39	2	1	19
29	40	1	0	4
29	41	1	0	-7
29	42	1	1	0
29	43	3	0	0
29	44	2	2	4
29	45	1	2	6
29	46	0	0	12
29	47	1	0	-5
29	48	1	0	-8
29	49	0	0	5
29	50	2	0	6
29	51	3	1	0
29	52	1	3	5
29	53	2	0	-6
29	54	1	2	16
29	55	1	1	17
29	56	0	0	6
29	57	1	1	12
29	58	1	2	2
29	59	0	3	8
29	60	1	1	4
29	61	1	1	12
29	62	0	1	19
29	63	1	1	10
29	64	1	1	-29
29	65	0	1	17
29	66	1	1	4
29	67	0	2	8
29	68	1	0	-28
29	69	1	1	-28
29	70	1	0	2
29	71	1	1	-29
29	72	2	0	17
29	73	1	2	11
29	74	0	1	15
29	75	3	0	-3
29	76	2	0	1
29	77	0	1	0
29	78	2	0	-29
29	79	1	0	6
29	80	2	2	11
29	81	1	3	6
29	82	0	0	-6
29	83	3	0	2
29	84	1	0	-1
29	85	2	0	-6
29	86	0	1	17
29	87	2	1	7
29	88	0	1	0
29	89	1	0	-28
29	90	0	2	1
29	91	1	1	7
29	92	2	0	-30
29	93	2	0	-28
29	94	1	0	-29
29	95	1	1	10
29	96	1	1	2
29	97	1	1	18
29	98	2	0	-29
29	99	2	1	7
29	100	2	1	15
29	101	1	1	16
29	102	0	0	-30
29	103	1	1	0
29	104	2	2	8
29	105	0	1	10
29	106	0	2	15
29	107	1	1	10
29	108	1	0	-7
29	109	2	1	1
29	110	3	1	-1
29	111	1	2	14
29	112	1	2	0
29	113	1	0	-4
29	114	1	0	-28
29	115	0	0	-29
29	116	0	1	0
29	117	2	1	1
29	118	1	1	-3
29	119	2	1	5
29	120	1	1	-28
29	121	2	2	1
29	122	2	1	0
29	123	1	0	-29
29	124	1	2	3
30	0	3	1	1
30	1	2	3	4
30	2	1	1	17
30	3	2	0	-29
30	4	2	2	0
30	5	1	2	0
30	6	2	1	-1
30	7	3	2	12
30	8	1	3	11
30	9	1	0	2
30	10	1	0	-30
30	11	1	2	2
30	12	1	1	9
30	13	1	1	6
30	14	1	1	1
30	15	0	0	1
30	16	3	0	-30
30	17	0	0	-30
30	18	0	0	-30
30	19	0	1	5
30	20	3	1	2
30	21	1	2	8
30	22	2	0	-29
30	23	1	1	0
30	24	2	1	-2
30	25	1	0	-30
30	26	2	1	18
30	27	3	0	-7
30	28	2	1	10
30	29	0	1	7
30	30	1	3	8
30	31	1	0	-1
30	32	2	1	0
30	33	4	0	-30
30	34	0	0	9
30	35	2	2	16
30	36	0	1	0
30	37	0	1	11
30	38	3	0	-29
30	39	2	1	18
30	40	1	0	3
30	41	1	0	-8
30	42	1	1	-1
30	43	3	0	-1
30	44	2	2	3
30	45	1	2	5
30	46	0	0	11
30	47	1	0	-6
30	48	1	0	-9
30	49	0	0	4
30	50	2	0	5
30	51	4	0	-1
30	52	1	3	5
30	53	2	0	-7
30	54	1	2	15
30	55	1	1	16
30	56	0	0	5
30	57	1	1	11
30	58	1	2	2
30	59	0	3	8
30	60	1	1	3
30	61	1	1	11
30	62	1	0	18
30	63	2	0	9
30	64	1	1	-30
30	65	0	1	16
30	66	1	1	3
30	67	0	2	7
30	68	1	0	-29
30	69	1	1	-29
30	70	1	0	1
30	71	2	0	-30
30	72	2	0	16
30	73	1	2	10
30	74	0	1	14
30	75	3	0	-4
30	76	1	1	0
30	77	0	1	0
30	78	2	0	-30
30	79	1	0	5
30	80	2	2	10
30	81	2	2	5
30	82	0	0	-7
30	83	3	0	1
30	84	1	0	-2
30	85	2	0	-7
30	86	1	0	16
30	87	2	1	6
30	88	0	1	0
30	89	1	0	-29
30	90	0	2	1
30	91	1	1	6
30	92	2	0	-31
30	93	1	1	-29
30	94	1	0	-30
30	95	1	1	10
30	96	1	1	1
30	97	1	1	17
30	98	2	0	-30
30	99	3	0	6
30	100	2	1	14
30	101	1	1	15
30	102	0	0	-31
30	103	1	1	0
30	104	2	2	7
30	105	0	1	9
30	106	0	2	14
30	107	1	1	9
30	108	1	0	-8
30	109	2	1	0
30	110	3	1	-2
30	111	1	2	14
30	112	1	2	19
30	113	1	0	-5
30	114	1	0	-29
30	115	0	0	-30
30	116	0	1	0
30	117	2	1	1
30	118	1	1	-4
30	119	2	1	4
30	120	1	1	19
30	121	2	2	1
30	122	2	1	-1
30	123	1	0	-30
30	124	1	2	3
31	0	3	1	0
31	1	2	3	3
31	2	1	1	17
31	3	2	0	-30
31	4	2	2	0
31	5	1	2	0
31	6	2	1	-2
31	7	3	2	11
31	8	1	3	11
31	9	0	1	1
31	10	0	1	-31
31	11	1	2	2
31	12	1	0	8
31	13	1	1	5
31	14	1	1	0
31	15	0	0	0
31	16	2	1	-31
31	17	0	0	-31
31	18	0	0	-31
31	19	0	1	4
31	20	3	1	2
31	21	1	2	8
31	22	2	0	-30
31	23	1	1	0
31	24	2	1	-2
31	25	1	0	-31
31	26	2	1	17
31	27	3	0	-8
31	28	2	1	10
31	29	0	1	6
31	30	1	3	7
31	31	1	0	-2
31	32	2	1	-1
31	33	4	0	-31
31	34	0	0	8
31	35	2	2	16
31	36	0	1	0
31	37	0	1	10
31	38	3	0	-30
31	39	2	1	17
31	40	1	0	2
31	41	1	0	-9
31	42	1	0	-2
31	43	3	0	-2
31	44	2	2	3
31	45	1	2	4
31	46	0	0	10
31	47	1	0	-7
31	48	1	0	-10
31	49	0	0	3
31	50	2	0	4
31	51	4	0	-2
31	52	1	3	4
31	53	2	0	-8
31	54	1	2	15
31	55	1	1	15
31	56	0	0	4
31	57	1	1	10
31	58	1	2	1
31	59	0	3	7
31	60	1	1	2
31	61	1	1	10
31	62	1	0	17
31	63	2	0	8
31	64	1	1	19
31	65	0	1	15
31	66	1	1	2
31	67	0	2	6
31	68	1	0	-30
31	69	1	1	-30
31	70	1	0	0
31	71	2	0	-31
31	72	2	0	15
31	73	1	2	10
31	74	1	0	13
31	75	2	1	-5
31	76	1	0	0
31	77	0	1	0
31	78	2	0	-31
31	79	1	0	4
31	80	2	2	10
31	81	2	2	5
31	82	0	0	-8
31	83	3	0	0
31	84	1	0	-3
31	85	2	0	-8
31	86	1	0	15
31	87	2	1	5
31	88	0	1	-1
31	89	1	0	-30
31	90	0	2	0
31	91	1	1	5
31	92	2	0	-32
31	93	1	0	-30
31	94	1	0	-31
31	95	1	1	9
31	96	1	1	0
31	97	1	1	16
31	98	2	0	-31
31	99	3	0	5
31	100	2	1	14
31	101	1	1	14
31	102	0	0	-32
31	103	0	2	-1
31	104	2	2	7
31	105	0	1	8
31	106	0	2	14
31	107	1	1	8
31	108	1	0	-9
31	109	2	1	0
31	110	3	1	-3
31	111	1	2	13
31	112	1	2	18
31	113	0	1	-6
31	114	1	0	-30
31	115	0	0	-31
31	116	0	1	-1
31	117	2	1	0
31	118	1	1	19
31	119	2	1	3
31	120	2	0	18
31	121	2	2	0
31	122	2	1	-2
31	123	1	0	-31
31	124	1	2	2
32	0	3	1	0
32	1	2	3	3
32	2	1	1	16
32	3	2	0	-31
32	4	2	2	19
32	5	0	1	19
32	6	2	1	-3
32	7	2	3	11
32	8	1	3	10
32	9	0	1	0
32	10	0	1	-31
32	11	1	2	1
32	12	1	0	7
32	13	1	1	5
32	14	1	1	0
32	15	0	0	0
32	16	2	1	-31
32	17	0	0	-32
32	18	0	0	-32
32	19	0	1	3
32	20	3	1	1
32	21	1	2	7
32	22	2	0	-31
32	23	1	1	-1
32	24	2	1	-3
32	25	1	0	-32
32	26	2	1	16
32	27	3	0	-9
32	28	2	1	9
32	29	0	1	5
32	30	1	3	7
32	31	1	0	-3
32	32	2	1	-2
32	33	4	0	-32
32	34	0	0	7
32	35	2	2	15
32	36	0	1	-1
32	37	0	1	10
32	38	3	0	-31
32	39	2	0	16
32	40	1	0	1
32	41	1	0	-10
32	42	1	0	-3
32	43	3	1	-3
32	44	2	2	2
32	45	1	2	4
32	46	0	0	9
32	47	1	0	-8
32	48	1	1	-10
32	49	0	0	2
32	50	2	0	3
32	51	3	1	-3
32	52	1	3	4
32	53	2	0	-9
32	54	1	2	14
32	55	1	1	14
32	56	0	0	3
32	57	1	1	10
32	58	1	2	0
32	59	0	3	7
32	60	1	1	2
32	61	1	1	9
32	62	1	0	16
32	63	2	0	7
32	64	1	1	18
32	65	0	1	14
32	66	1	1	1
32	67	0	2	6
32	68	1	0	-31
32	69	2	0	-31
32	70	1	0	0
32	71	2	0	-32
32	72	2	0	14
32	73	1	2	9
32	74	1	0	12
32	75	1	1	-6
32	76	1	0	-1
32	77	0	1	-1
32	78	2	0	-32
32	79	1	0	3
32	80	2	2	9
32	81	2	2	4
32	82	0	0	-9
32	83	2	1	0
32	84	1	0	-4
32	85	2	0	-9
32	86	1	0	14
32	87	2	1	5
32	88	0	2	-2
32	89	1	1	19
32	90	1	1	0
32	91	1	1	5
32	92	2	0	-33
32	93	1	0	-31
32	94	1	0	-32
32	95	1	1	8
32	96	1	1	0
32	97	1	1	15
32	98	2	0	-32
32	99	3	0	4
32	100	2	1	13
32	101	1	1	14
32	102	0	0	-33
32	103	0	2	-2
32	104	2	2	6
32	105	0	1	7
32	106	0	3	13
32	107	1	1	8
32	108	1	0	-10
32	109	2	1	0
32	110	2	2	19
32	111	1	2	12
32	112	1	2	18
32	113	0	0	-7
32	114	1	0	-31
32	115	0	0	-32
32	116	0	1	-2
32	117	2	1	0
32	118	1	1	18
32	119	2	1	2
32	120	2	0	17
32	121	2	2	0
32	122	2	1	-3
32	123	1	0	-32
32	124	1	2	1
33	0	3	1	19
33	1	2	3	2
33	2	1	1	15
33	3	2	0	-32
33	4	2	2	18
33	5	0	1	18
33	6	2	1	-3
33	7	2	3	10
33	8	1	4	10
33	9	0	0	0
33	10	0	0	-32
33	11	1	2	0
33	12	1	0	6
33	13	1	2	4
33	14	1	1	-1
33	15	0	0	-1
33	16	2	1	-32
33	17	0	0	-33
33	18	0	0	-33
33	19	0	1	2
33	20	3	1	0
33	21	1	2	6
33	22	2	0	-32
33	23	1	2	19
33	24	2	1	-4
33	25	1	0	-33
33	26	2	1	15
33	27	3	0	-10
33	28	2	1	8
33	29	0	1	5
33	30	1	3	6
33	31	1	0	-4
33	32	2	1	-3
33	33	4	0	-33
33	34	0	0	6
33	35	2	2	14
33	36	0	0	-2
33	37	0	1	9
33	38	2	1	-32
33	39	2	0	15
33	40	1	0	0
33	41	1	0	-11
33	42	1	0	-4
33	43	3	1	-4
33	44	2	2	1
33	45	1	2	3
33	46	0	0	8
33	47	0	2	19
33	48	2	1	-11
33	49	0	0	1
33	50	2	0	2
33	51	3	1	-4
33	52	1	2	3
33	53	2	0	-10
33	54	1	2	13
33	55	1	1	14
33	56	0	0	2
33	57	1	1	9
33	58	1	2	0
33	59	0	3	6
33	60	1	1	1
33	61	1	1	9
33	62	1	0	15
33	63	2	0	6
33	64	1	1	17
33	65	0	1	14
33	66	1	1	0
33	67	1	1	5
33	68	1	0	-33
33	69	2	0	-32
33	70	1	0	-1
33	71	2	0	-33
33	72	2	0	13
33	73	1	2	8
33	74	1	0	11
33	75	1	1	19
33	76	1	0	-2
33	77	0	0	-2
33	78	2	0	-33
33	79	1	0	2
33	80	2	2	8
33	81	2	2	3
33	82	0	0	-10
33	83	2	1	-1
33	84	1	0	-5
33	85	2	0	-10
33	86	1	0	13
33	87	2	1	4
33	88	1	1	-2
33	89	1	1	18
33	90	1	1	-1
33	91	1	1	4
33	92	2	0	-34
33	93	1	0	-32
33	94	1	0	-33
33	95	0	2	7
33	96	1	1	-1
33	97	1	1	14
33	98	1	1	19
33	99	3	0	3
33	100	2	1	12
33	101	1	1	13
33	102	0	0	-34
33	103	0	1	-2
33	104	2	2	5
33	105	0	1	6
33	106	1	2	12
33	107	1	1	7
33	108	1	1	-10
33	109	2	1	-1
33	110	3	1	18
33	111	1	2	12
33	112	1	2	17
33	113	0	0	-8
33	114	1	0	-32
33	115	0	0	-33
33	116	1	0	-3
33	117	2	1	19
33	118	1	1	17
33	119	2	1	1
33	120	2	0	16
33	121	2	2	0
33	122	2	1	-3
33	123	1	0	-33
33	124	1	2	1
34	0	3	1	18
34	1	2	3	2
34	2	1	1	14
34	3	1	1	19
34	4	2	2	18
34	5	0	1	17
34	6	2	1	-4
34	7	2	3	10
34	8	1	4	10
34	9	0	0	-1
34	10	0	0	-33
34	11	1	2	0
34	12	1	0	5
34	13	1	2	3
34	14	1	1	-2
34	15	0	0	-2
34	16	2	1	-33
34	17	0	0	-34
34	18	0	0	-34
34	19	0	1	1
34	20	3	1	0
34	21	1	2	6
34	22	2	0	-33
34	23	1	2	18
34	24	2	1	-5
34	25	1	0	-34
34	26	2	1	14
34	27	3	0	-11
34	28	2	1	7
34	29	0	1	4
34	30	1	3	6
34	31	1	0	-5
34	32	2	1	-3
34	33	4	0	-34
34	34	0	0	5
34	35	2	2	14
34	36	0	0	-3
34	37	0	1	8
34	38	2	0	-33
34	39	2	0	14
34	40	1	0	0
34	41	1	0	-12
34	42	1	0	-5
34	43	3	0	-5
34	44	3	1	1
34	45	1	2	2
34	46	0	0	7
34	47	0	2	18
34	48	2	1	-12
34	49	0	1	0
34	50	2	0	1
34	51	3	0	-5
34	52	1	2	2
34	53	2	0	-11
34	54	1	2	12
34	55	1	1	13
34	56	0	0	1
34	57	2	0	8
34	58	1	2	0
34	59	0	3	6
34	60	1	1	0
34	61	1	1	8
34	62	1	0	14
34	63	2	0	5
34	64	1	1	16
34	65	0	1	13
34	66	1	1	0
34	67	1	1	4
34	68	1	0	-34
34	69	2	0	-33
34	70	1	0	-2
34	71	2	0	-34
34	72	2	0	12
34	73	0	3	8
34	74	1	0	10
34	75	1	0	18
34	76	1	0	-3
34	77	0	0	-3
34	78	2	0	-34
34	79	1	0	1
34	80	2	2	8
34	81	2	2	3
34	82	0	0	-11
34	83	2	1	-2
34	84	1	0	-6
34	85	2	0	-11
34	86	1	0	12
34	87	2	1	3
34	88	2	0	-3
34	89	1	1	17
34	90	2	0	-2
34	91	1	1	3
34	92	2	0	-35
34	93	1	0	-33
34	94	1	0	-34
34	95	0	2	7
34	96	1	0	-2
34	97	1	1	14
34	98	1	1	18
34	99	3	0	2
34	100	2	1	11
34	101	1	1	12
34	102	0	0	-35
34	103	0	1	-3
34	104	2	2	5
34	105	0	1	5
34	106	1	2	12
34	107	1	1	6
34	108	1	1	19
34	109	2	1	-2
34	110	3	1	17
34	111	1	2	11
34	112	1	2	16
34	113	0	0	-9
34	114	1	0	-33
34	115	0	1	-34
34	116	1	0	-4
34	117	2	1	18
34	118	1	1	16
34	119	2	1	1
34	120	2	0	15
34	121	2	2	19
34	122	2	1	-4
34	123	1	0	-34
34	124	1	1	0
35	0	3	1	17
35	1	2	3	1
35	2	1	1	13
35	3	1	1	18
35	4	2	2	17
35	5	0	1	16
35	6	2	1	-5
35	7	2	3	9
35	8	1	4	9
35	9	0	0	-2
35	10	0	0	-34
35	11	1	2	0
35	12	0	1	4
35	13	1	2	3
35	14	1	1	-3
35	15	0	0	-3
35	16	2	1	-34
35	17	0	0	-35
35	18	0	0	-35
35	19	0	1	0
35	20	3	1	-1
35	21	1	2	5
35	22	2	0	-34
35	23	1	2	18
35	24	2	1	-6
35	25	1	0	-35
35	26	2	1	14
35	27	3	0	-12
35	28	2	1	6
35	29	0	1	3
35	30	1	3	5
35	31	1	0	-6
35	32	2	1	-4
35	33	4	0	-35
35	34	0	0	4
35	35	2	2	13
35	36	0	0	-4
35	37	0	1	7
35	38	2	0	-34
35	39	2	0	13
35	40	1	0	-1
35	41	1	0	-13
35	42	1	0	-6
35	43	3	0	-6
35	44	3	1	0
35	45	1	2	2
35	46	0	0	6
35	47	0	2	18
35	48	2	1	-13
35	49	0	1	0
35	50	2	0	0
35	51	3	0	-6
35	52	1	2	2
35	53	2	0	-12
35	54	1	2	12
35	55	1	1	12
35	56	0	0	0
35	57	2	0	7
35	58	1	2	-1
35	59	0	3	5
35	60	1	1	0
35	61	1	1	7
35	62	1	0	13
35	63	2	0	4
35	64	1	1	15
35	65	0	1	12
35	66	1	1	0
35	67	1	1	3
35	68	1	0	-35
35	69	2	0	-34
35	70	1	0	-3
35	71	1	1	19
35	72	2	0	11
35	73	0	3	7
35	74	1	0	9
35	75	1	0	17
35	76	1	0	-4
35	77	0	0	-4
35	78	2	0	-35
35	79	1	0	0
35	80	2	2	7
35	81	2	2	2
35	82	0	0	-12
35	83	2	1	-3
35	84	1	0	-7
35	85	2	0	-12
35	86	1	0	11
35	87	1	2	2
35	88	2	0	-4
35	89	1	1	16
35	90	2	0	-3
35	91	1	1	2
35	92	2	0	-36
35	93	1	0	-34
35	94	1	0	-35
35	95	0	3	6
35	96	1	0	-3
35	97	1	1	13
35	98	1	1	17
35	99	3	0	1
35	100	2	1	10
35	101	1	1	11
35	102	0	0	-36
35	103	0	1	-4
35	104	2	2	4
35	105	0	1	5
35	106	1	2	11
35	107	1	1	5
35	108	1	1	18
35	109	2	1	-3
35	110	3	1	16
35	111	1	2	10
35	112	1	2	16
35	113	0	0	-10
35	114	1	0	-34
35	115	0	1	-35
35	116	1	1	19
35	117	2	1	17
35	118	1	1	15
35	119	2	1	0
35	120	2	0	14
35	121	2	2	18
35	122	1	2	-5
35	123	1	0	-35
35	124	1	1	0
36	0	3	1	16
36	1	2	3	1
36	2	1	1	12
36	3	1	1	17
36	4	2	2	16
36	5	0	1	15
36	6	2	1	-6
36	7	2	3	9
36	8	1	4	9
36	9	0	0	-3
36	10	0	0	-35
36	11	1	2	19
36	12	0	1	3
36	13	2	1	2
36	14	1	1	-3
36	15	0	0	-4
36	16	2	1	-35
36	17	0	0	-36
36	18	0	0	-36
36	19	0	1	0
36	20	2	2	19
36	21	0	3	4
36	22	2	0	-35
36	23	1	2	17
36	24	2	0	-7
36	25	1	0	-36
36	26	2	1	13
36	27	3	0	-13
36	28	2	1	5
36	29	0	1	2
36	30	1	3	5
36	31	1	0	-7
36	32	2	0	-5
36	33	4	0	-36
36	34	0	0	3
36	35	2	2	12
36	36	0	0	-5
36	37	0	1	6
36	38	2	0	-35
36	39	2	0	12
36	40	1	1	19
36	41	1	0	-14
36	42	1	0	-7
36	43	3	0	-7
36	44	3	1	0
36	45	1	2	1
36	46	0	0	5
36	47	0	2	17
36	48	3	0	-14
36	49	0	1	-1
36	50	2	0	0
36	51	3	0	-7
36	52	1	2	1
36	53	2	0	-13
36	54	1	2	11
36	55	1	1	11
36	56	0	0	0
36	57	2	0	6
36	58	1	0	-2
36	59	0	3	5
36	60	1	1	-1
36	61	1	1	6
36	62	1	0	12
36	63	2	0	3
36	64	1	1	14
36	65	0	1	11
36	66	1	1	-1
36	67	1	1	2
36	68	1	0	-36
36	69	2	0	-35
36	70	1	0	-4
36	71	1	1	18
36	72	2	0	10
36	73	0	3	7
36	74	1	0	8
36	75	1	0	16
36	76	1	1	-5
36	77	0	0	-5
36	78	2	0	-36
36	79	1	0	-1
36	80	2	2	6
36	81	2	2	1
36	82	0	0	-13
36	83	2	1	-3
36	84	1	0	-8
36	85	2	0	-13
36	86	1	0	10
36	87	1	2	1
36	88	2	0	-5
36	89	1	1	15
36	90	2	0	-4
36	91	1	1	1
36	92	2	0	-37
36	93	1	0	-35
36	94	1	0	-36
36	95	0	3	6
36	96	1	0	-4
36	97	1	1	12
36	98	1	1	16
36	99	3	1	0
36	100	2	1	10
36	101	1	1	10
36	102	0	1	-36
36	103	0	1	-5
36	104	2	2	3
36	105	0	1	4
36	106	1	2	10
36	107	1	1	4
36	108	1	1	17
36	109	2	1	-4
36	110	3	1	15
36	111	1	2	10
36	112	1	2	15
36	113	0	2	-11
36	114	1	0	-35
36	115	0	1	-35
36	116	1	1	18
36	117	2	1	16
36	118	1	1	14
36	119	2	0	0
36	120	2	0	13
36	121	2	2	18
36	122	1	2	-6
36	123	1	0	-36
36	124	1	0	-1
37	0	3	1	15
37	1	2	3	0
37	2	1	1	12
37	3	1	1	16
37	4	2	2	16
37	5	0	1	14
37	6	2	1	-7
37	7	2	3	8
37	8	1	4	9
37	9	0	0	-4
37	10	0	0	-36
37	11	1	2	18
37	12	0	1	3
37	13	2	1	1
37	14	1	1	-4
37	15	0	0	-5
37	16	2	1	-35
37	17	0	0	-37
37	18	0	0	-37
37	19	0	1	0
37	20	2	2	18
37	21	0	3	4
37	22	2	1	-36
37	23	1	2	16
37	24	2	0	-8
37	25	1	0	-37
37	26	2	1	12
37	27	3	0	-14
37	28	1	2	5
37	29	0	1	1
37	30	1	3	4
37	31	1	0	-8
37	32	2	0	-6
37	33	4	0	-37
37	34	0	0	2
37	35	2	2	12
37	36	0	0	-6
37	37	0	1	5
37	38	2	0	-36
37	39	2	0	11
37	40	1	1	18
37	41	1	0	-15
37	42	1	0	-8
37	43	3	0	-8
37	44	3	1	-1
37	45	1	2	0
37	46	0	0	4
37	47	0	2	16
37	48	3	0	-15
37	49	0	1	19
37	50	2	0	-1
37	51	2	1	-8
37	52	1	2	0
37	53	2	0	-14
37	54	1	2	10
37	55	1	1	10
37	56	0	0	-1
37	57	2	0	5
37	58	1	0	-3
37	59	0	3	4
37	60	1	1	-2
37	61	1	1	5
37	62	1	0	11
37	63	2	0	2
37	64	1	1	14
37	65	0	1	10
37	66	1	1	-2
37	67	1	1	1
37	68	1	0	-37
37	69	2	0	-36
37	70	1	0	-5
37	71	1	1	17
37	72	2	0	9
37	73	0	3	6
37	74	1	0	7
37	75	1	0	15
37	76	1	1	-6
37	77	0	0	-6
37	78	2	0	-37
37	79	1	0	-2
37	80	2	2	6
37	81	2	2	1
37	82	0	0	-14
37	83	2	1	-4
37	84	1	1	-9
37	85	2	0	-14
37	86	1	0	9
37	87	1	2	1
37	88	2	0	-6
37	89	1	1	14
37	90	2	0	-5
37	91	1	1	0
37	92	2	0	-38
37	93	1	0	-36
37	94	1	0	-37
37	95	0	3	5
37	96	1	0	-5
37	97	1	1	11
37	98	1	1	15
37	99	3	1	0
37	100	2	1	9
37	101	1	1	10
37	102	0	1	-37
37	103	0	1	-6
37	104	2	2	3
37	105	0	1	3
37	106	1	2	10
37	107	1	1	3
37	108	1	1	16
37	109	2	1	-5
37	110	2	2	15
37	111	1	2	9
37	112	1	2	14
37	113	1	1	19
37	114	1	0	-36
37	115	0	1	-36
37	116	1	1	17
37	117	2	1	15
37	118	1	1	14
37	119	2	0	-1
37	120	2	0	12
37	121	2	2	17
37	122	1	2	19
37	123	1	0	19
37	124	1	0	-2
38	0	3	1	14
38	1	2	3	0
38	2	1	1	11
38	3	1	1	15
38	4	2	2	15
38	5	0	1	14
38	6	1	1	-8
38	7	2	3	8
38	8	1	4	8
38	9	0	0	-5
38	10	0	0	-37
38	11	1	2	18
38	12	0	1	2
38	13	2	1	0
38	14	1	0	-5
38	15	0	0	-6
38	16	2	1	-36
38	17	0	0	-38
38	18	0	0	-38
38	19	0	1	-1
38	20	2	2	18
38	21	0	3	3
38	22	1	2	-36
38	23	1	2	16
38	24	2	0	-9
38	25	0	1	-38
38	26	2	1	11
38	27	3	0	-15
38	28	1	2	4
38	29	0	1	0
38	30	1	3	4
38	31	1	0	-9
38	32	2	0	-7
38	33	4	0	-38
38	34	0	0	1
38	35	2	2	11
38	36	0	0	-7
38	37	0	1	5
38	38	2	1	-37
38	39	2	0	10
38	40	1	1	17
38	41	1	0	-16
38	42	1	0	-9
38	43	3	1	-9
38	44	3	1	-2
38	45	1	2	0
38	46	0	0	3
38	47	0	2	16
38	48	3	0	-16
38	49	0	1	18
38	50	2	0	-2
38	51	2	0	-9
38	52	1	2	0
38	53	2	0	-15
38	54	1	2	10
38	55	1	1	10
38	56	0	0	-2
38	57	2	0	4
38	58	1	0	-4
38	59	0	3	4
38	60	1	1	-2
38	61	1	1	4
38	62	1	0	10
38	63	2	0	1
38	64	1	1	13
38	65	0	1	10
38	66	1	1	-3
38	67	1	1	1
38	68	1	0	-38
38	69	2	0	19
38	70	1	0	-6
38	71	1	1	16
38	72	2	0	8
38	73	0	3	6
38	74	1	0	6
38	75	1	0	14
38	76	1	1	19
38	77	0	1	-7
38	78	1	1	-38
38	79	1	0	-3
38	80	2	2	5
38	81	2	2	0
38	82	0	0	-15
38	83	2	1	-5
38	84	1	1	-10
38	85	2	0	-15
38	86	1	0	8
38	87	1	2	0
38	88	2	0	-7
38	89	0	2	14
38	90	2	0	-6
38	91	1	1	0
38	92	2	0	-39
38	93	1	0	-37
38	94	0	1	19
38	95	0	2	4
38	96	1	0	-6
38	97	1	1	10
38	98	1	1	14
38	99	3	1	0
38	100	2	1	8
38	101	1	1	9
38	102	1	0	-38
38	103	0	1	-7
38	104	2	2	2
38	105	0	1	2
38	106	1	2	9
38	107	1	1	3
38	108	1	1	15
38	109	2	1	-5
38	110	2	1	14
38	111	1	2	8
38	112	1	2	14
38	113	2	0	18
38	114	1	0	-37
38	115	0	1	-37
38	116	0	2	16
38	117	2	1	14
38	118	1	1	13
38	119	2	1	-2
38	120	1	1	11
38	121	2	2	16
38	122	1	1	18
38	123	1	0	18
38	124	1	0	-3
39	0	3	1	14
39	1	2	3	0
39	2	2	0	10
39	3	1	1	14
39	4	2	2	14
39	5	0	1	13
39	6	1	1	19
39	7	2	3	7
39	8	1	4	8
39	9	0	0	-6
39	10	0	0	-38
39	11	0	3	17
39	12	0	1	1
39	13	2	1	0
39	14	1	1	-6
39	15	0	1	-7
39	16	2	1	-37
39	17	0	0	-39
39	18	0	0	-39
39	19	0	0	-2
39	20	2	2	17
39	21	0	4	3
39	22	1	1	-37
39	23	1	2	15
39	24	2	0	-10
39	25	0	1	-39
39	26	2	1	10
39	27	3	0	-16
39	28	0	3	4
39	29	0	1	0
39	30	1	3	3
39	31	0	1	-10
39	32	1	1	-8
39	33	4	0	-39
39	34	0	0	0
39	35	2	2	10
39	36	0	0	-8
39	37	0	1	4
39	38	2	1	-38
39	39	2	0	9
39	40	1	1	16
39	41	0	1	-17
39	42	1	0	-10
39	43	3	2	-9
39	44	3	1	-3
39	45	1	2	0
39	46	0	0	2
39	47	0	2	15
39	48	2	1	-17
39	49	0	1	17
39	50	1	2	-3
39	51	2	0	-10
39	52	1	2	0
39	53	2	0	-16
39	54	1	2	9
39	55	1	1	9
39	56	0	1	-3
39	57	2	0	3
39	58	1	0	-5
39	59	0	3	3
39	60	1	1	-3
39	61	1	1	4
39	62	1	0	9
39	63	2	0	0
39	64	1	1	12
39	65	0	1	9
39	66	0	2	-3
39	67	1	1	0
39	68	1	0	-39
39	69	2	1	18
39	70	1	0	-7
39	71	1	1	15
39	72	2	0	7
39	73	0	3	5
39	74	1	0	5
39	75	1	0	13
39	76	1	1	18
39	77	1	0	-8
39	78	1	1	19
39	79	1	0	-4
39	80	2	2	4
39	81	2	2	0
39	82	0	0	-16
39	83	2	1	-6
39	84	1	1	19
39	85	2	0	-16
39	86	1	0	7
39	87	1	2	0
39	88	2	0	-8
39	89	0	1	13
39	90	2	0	-7
39	91	1	1	0
39	92	2	0	-40
39	93	0	1	-38
39	94	0	1	18
39	95	0	2	4
39	96	1	0	-7
39	97	1	1	10
39	98	1	1	14
39	99	3	1	-1
39	100	2	1	7
39	101	1	1	8
39	102	1	0	-39
39	103	0	1	-7
39	104	2	2	1
39	105	0	1	1
39	106	0	3	9
39	107	1	1	2
39	108	1	1	14
39	109	3	0	-6
39	110	2	1	13
39	111	1	1	7
39	112	1	2	13
39	113	2	0	17
39	114	1	1	-37
39	115	0	1	-38
39	116	0	2	16
39	117	2	1	14
39	118	1	1	12
39	119	2	1	-3
39	120	1	1	10
39	121	2	2	16
39	122	1	1	17
39	123	0	1	17
39	124	1	0	-4
40	0	3	1	13
40	1	2	3	19
40	2	2	0	9
40	3	0	2	14
40	4	2	2	14
40	5	0	1	12
40	6	1	0	18
40	7	2	3	7
40	8	1	4	8
40	9	0	0	-7
40	10	0	1	19
40	11	0	2	16
40	12	0	1	0
40	13	2	1	19
40	14	2	0	-7
40	15	1	0	-8
40	16	2	1	-38
40	17	0	0	-40
40	18	0	0	-40
40	19	0	0	-3
40	20	2	2	16
40	21	1	3	3
40	22	2	0	-38
40	23	1	2	14
40	24	2	0	-11
40	25	0	0	-40
40	26	2	1	10
40	27	3	0	-17
40	28	0	3	3
40	29	0	1	0
40	30	1	3	3
40	31	0	0	-11
40	32	1	2	-9
40	33	4	0	-40
40	34	0	0	-1
40	35	2	2	10
40	36	0	0	-9
40	37	0	1	3
40	38	2	1	-39
40	39	2	0	8
40	40	1	1	15
40	41	0	0	-18
40	42	1	0	19
40	43	3	2	-10
40	44	3	1	-3
40	45	1	2	19
40	46	0	0	1
40	47	0	2	14
40	48	2	1	-18
40	49	1	0	16
40	50	1	2	-4
40	51	1	1	-11
40	52	1	2	19
40	53	2	0	-17
40	54	1	2	8
40	55	1	1	8
40	56	1	0	-4
40	57	1	1	2
40	58	1	0	-6
40	59	0	3	3
40	60	2	0	-4
40	61	1	1	3
40	62	1	0	8
40	63	2	0	-1
40	64	1	1	11
40	65	0	1	8
40	66	0	2	-4
40	67	1	1	0
40	68	1	0	-40
40	69	3	0	17
40	70	1	0	-8
40	71	1	1	14
40	72	2	1	6
40	73	0	3	5
40	74	1	0	4
40	75	1	0	12
40	76	1	1	17
40	77	1	0	-9
40	78	1	1	18
40	79	1	0	-5
40	80	3	1	3
40	81	2	2	0
40	82	0	0	-17
40	83	1	1	-7
40	84	2	0	18
40	85	1	2	19
40	86	1	0	6
40	87	1	2	0
40	88	2	0	-9
40	89	0	1	12
40	90	2	1	-8
40	91	1	1	19
40	92	2	0	-41
40	93	0	1	-39
40	94	0	1	17
40	95	0	2	3
40	96	0	1	19
40	97	1	1	9
40	98	1	1	13
40	99	2	2	-2
40	100	2	1	6
40	101	1	1	7
40	102	1	0	-40
40	103	0	1	19
40	104	2	2	1
40	105	0	1	0
40	106	0	3	8
40	107	1	1	1
40	108	1	2	14
40	109	3	0	-7
40	110	2	0	12
40	111	1	1	7
40	112	1	2	12
40	113	2	0	16
40	114	1	1	-38
40	115	1	0	-39
40	116	0	1	15
40	117	2	1	13
40	118	1	1	11
40	119	2	1	-4
40	120	1	0	9
40	121	2	2	15
40	122	1	1	16
40	123	0	0	16
40	124	1	0	-5
41	0	3	1	12
41	1	2	2	18
41	2	2	0	8
41	3	0	2	13
41	4	2	2	13
41	5	0	1	11
41	6	1	0	17
41	7	2	3	6
41	8	1	4	7
41	9	0	0	-8
41	10	0	1	18
41	11	0	2	16
41	12	0	1	0
41	13	2	1	18
41	14	2	0	-8
41	15	1	0	-9
41	16	3	0	-39
41	17	0	0	-41
41	18	0	0	-41
41	19	0	0	-4
41	20	2	2	16
41	21	1	3	2
41	22	1	1	-39
41	23	1	2	14
41	24	2	0	-12
41	25	0	0	-41
41	26	2	1	9
41	27	3	0	-18
41	28	0	1	2
41	29	0	1	-1
41	30	1	3	2
41	31	0	0	-12
41	32	2	1	-10
41	33	4	0	-41
41	34	0	0	-2
41	35	2	2	9
41	36	0	0	-10
41	37	0	1	2
41	38	2	1	-39
41	39	2	0	7
41	40	1	1	14
41	41	0	0	-19
41	42	1	0	18
41	43	4	1	19
41	44	3	0	-4
41	45	1	2	18
41	46	0	0	0
41	47	0	2	14
41	48	2	0	-19
41	49	0	1	15
41	50	2	0	-5
41	51	1	1	-11
41	52	1	2	18
41	53	2	1	-18
41	54	1	2	8
41	55	1	1	7
41	56	1	0	-5
41	57	1	0	1
41	58	1	0	-7
41	59	0	3	2
41	60	2	0	-5
41	61	1	2	2
41	62	1	0	7
41	63	2	0	-2
41	64	1	1	10
41	65	0	1	7
41	66	0	2	-5
41	67	1	1	-1
41	68	1	0	-41
41	69	3	0	16
41	70	1	0	-9
41	71	1	1	14
41	72	3	0	5
41	73	0	3	4
41	74	1	0	3
41	75	1	0	11
41	76	1	1	16
41	77	1	0	-10
41	78	1	1	17
41	79	1	0	-6
41	80	3	1	3
41	81	1	3	19
41	82	0	0	-18
41	83	1	1	-8
41	84	2	0	17
41	85	1	2	18
41	86	1	0	5
41	87	1	2	-1
41	88	2	1	19
41	89	0	1	11
41	90	2	1	-8
41	91	1	1	18
41	92	2	0	-42
41	93	0	2	-39
41	94	0	1	16
41	95	0	2	2
41	96	0	1	18
41	97	1	1	8
41	98	1	1	12
41	99	2	2	-3
41	100	2	1	5
41	101	1	1	6
41	102	1	0	-41
41	103	1	0	18
41	104	2	1	0
41	105	0	1	0
41	106	0	2	7
41	107	1	1	0
41	108	1	2	13
41	109	3	0	-8
41	110	2	0	11
41	111	1	1	6
41	112	1	2	12
41	113	2	0	15
41	114	1	0	-39
41	115	0	1	-40
41	116	0	1	14
41	117	2	1	12
41	118	1	1	10
41	119	2	1	-5
41	120	1	0	8
41	121	2	2	14
41	122	1	1	15
41	123	0	0	15
41	124	1	0	-6
42	0	3	1	11
42	1	2	2	18
42	2	2	0	7
42	3	0	2	12
42	4	2	2	12
42	5	0	1	10
42	6	1	0	16
42	7	2	3	6
42	8	1	3	7
42	9	0	0	-9
42	10	0	1	17
42	11	0	2	15
42	12	0	1	-1
42	13	2	1	17
42	14	2	0	-9
42	15	1	0	-10
42	16	3	0	-40
42	17	0	0	-42
42	18	0	0	-42
42	19	0	0	-5
42	20	2	2	15
42	21	1	3	2
42	22	1	1	-40
42	23	1	2	13
42	24	2	0	-13
42	25	0	0	-42
42	26	2	1	8
42	27	3	0	-19
42	28	0	1	1
42	29	0	1	-2
42	30	1	3	2
42	31	0	0	-13
42	32	1	2	-10
42	33	4	0	-42
42	34	0	0	-3
42	35	2	2	8
42	36	0	0	19
42	37	0	1	1
42	38	3	0	-40
42	39	2	0	6
42	40	1	1	14
42	41	0	0	-20
42	42	1	0	17
42	43	4	1	18
42	44	3	0	-5
42	45	1	2	18
42	46	0	0	-1
42	47	0	2	13
42	48	1	1	-19
42	49	0	1	14
42	50	2	0	-6
42	51	0	1	19
42	52	1	2	18
42	53	1	2	19
42	54	1	2	7
42	55	1	1	6
42	56	1	0	-6
42	57	1	0	0
42	58	0	1	-8
42	59	0	3	2
42	60	1	1	-6
42	61	1	2	1
42	62	1	0	6
42	63	2	0	-3
42	64	1	1	10
42	65	0	1	6
42	66	0	1	-6
42	67	1	0	-2
42	68	1	0	-42
42	69	3	0	15
42	70	1	0	-10
42	71	1	1	13
42	72	3	0	4
42	73	0	3	4
42	74	1	0	2
42	75	1	0	10
42	76	1	1	15
42	77	1	0	-11
42	78	1	1	16
42	79	1	0	-7
42	80	3	1	2
42	81	1	3	19
42	82	0	0	-19
42	83	1	0	-9
42	84	2	0	16
42	85	1	2	18
42	86	1	0	4
42	87	1	0	-2
42	88	3	0	18
42	89	0	1	10
42	90	2	1	-9
42	91	1	1	17
42	92	2	0	-43
42	93	1	1	19
42	94	0	1	15
42	95	0	2	2
42	96	0	1	17
42	97	1	1	7
42	98	1	1	11
42	99	1	3	-3
42	100	1	2	5
42	101	1	1	5
42	102	1	0	-42
42	103	1	0	17
42	104	2	1	0
42	105	0	1	0
42	106	0	2	7
42	107	1	1	0
42	108	1	2	12
42	109	2	1	-9
42	110	2	0	10
42	111	1	1	5
42	112	1	2	11
42	113	2	0	14
42	114	1	0	-40
42	115	0	1	-40
42	116	0	1	13
42	117	2	1	11
42	118	1	1	10
42	119	2	1	-5
42	120	1	0	7
42	121	2	2	14
42	122	1	0	14
42	123	0	0	14
42	124	1	0	-7
43	0	3	1	10
43	1	2	2	17
43	2	1	1	6
43	3	0	2	12
43	4	2	2	12
43	5	0	1	10
43	6	1	0	15
43	7	2	3	5
43	8	1	3	6
43	9	0	1	-10
43	10	0	1	16
43	11	0	2	14
43	12	0	1	-1
43	13	2	1	16
43	14	2	0	-10
43	15	1	0	-11
43	16	3	0	-41
43	17	0	0	-43
43	18	0	0	-43
43	19	0	0	-6
43	20	2	2	14
43	21	1	3	1
43	22	1	1	-41
43	23	1	2	12
43	24	2	0	-14
43	25	0	0	-43
43	26	2	1	7
43	27	3	0	-20
43	28	0	1	1
43	29	0	1	19
43	30	1	3	1
43	31	0	0	-14
43	32	1	1	-11
43	33	4	0	-43
43	34	0	0	-4
43	35	2	2	8
43	36	0	0	18
43	37	0	1	0
43	38	2	1	-41
43	39	2	0	5
43	40	2	0	13
43	41	0	0	-21
43	42	1	0	16
43	43	4	1	17
43	44	3	0	-6
43	45	1	2	17
43	46	0	0	-2
43	47	0	2	12
43	48	1	1	-20
43	49	0	1	13
43	50	2	0	-7
43	51	0	1	18
43	52	1	2	17
43	53	1	2	18
43	54	1	2	6
43	55	1	1	5
43	56	1	0	-7
43	57	1	0	0
43	58	0	1	19
43	59	0	3	1
43	60	1	1	-7
43	61	0	3	1
43	62	1	0	5
43	63	2	0	-4
43	64	1	1	9
43	65	0	1	5
43	66	0	1	-6
43	67	1	0	-3
43	68	1	0	-43
43	69	3	0	14
43	70	1	1	-11
43	71	1	2	12
43	72	3	0	3
43	73	0	3	3
43	74	1	0	1
43	75	1	0	9
43	76	1	1	14
43	77	1	0	-12
43	78	1	1	15
43	79	1	0	-8
43	80	3	1	1
43	81	1	2	18
43	82	0	0	-20
43	83	1	0	-10
43	84	2	0	15
43	85	2	1	17
43	86	1	0	3
43	87	1	1	-3
43	88	3	0	17
43	89	0	1	10
43	90	2	1	-10
43	91	1	1	16
43	92	2	0	-44
43	93	1	1	18
43	94	0	1	14
43	95	0	3	1
43	96	0	2	16
43	97	1	1	6
43	98	1	1	10
43	99	3	1	-4
43	100	1	2	4
43	101	1	1	5
43	102	1	1	-43
43	103	1	0	16
43	104	2	1	19
43	105	0	1	-1
43	106	0	3	6
43	107	1	1	-1
43	108	1	2	12
43	109	1	2	19
43	110	2	0	9
43	111	1	1	4
43	112	1	2	10
43	113	2	0	13
43	114	1	0	-41
43	115	0	1	-41
43	116	0	1	12
43	117	2	1	10
43	118	1	1	9
43	119	2	1	-6
43	120	1	0	6
43	121	2	2	13
43	122	1	0	13
43	123	0	0	13
43	124	1	0	-8
